0 0.26953125 0.0693359375 0.26953125 0.0341796875 0.2548828125 0.015625 0.1865234375 0 0.080078125 0.0029296875 0.072265625 0.1162109375 0.0771484375 0.13671875 0.228515625 0.1435546875 0.236328125 0.1396484375 0.23046875 0.1162109375 0.236328125 0.0849609375 0.26953125 0.0693359375
0 0.068359375 0.1318359375 0.072265625 0.0146484375 0.0009765625 0.00390625 0 0.1298828125 0.068359375 0.1318359375
0 0.021484375 0.1533203125 0.021484375 0.2236328125 0.0283203125 0.244140625 0.1279296875 0.25390625 0.259765625 0.2548828125 0.2568359375 0.162109375 0.0693359375 0.146484375 0.0283203125 0.146484375 0.021484375 0.1533203125
0 0.0986328125 0.25390625 0.021484375 0.2548828125 0.01953125 0.3349609375 0.0263671875 0.349609375 0.23046875 0.3603515625 0.2548828125 0.357421875 0.2578125 0.3505859375 0.2568359375 0.267578125 0.0986328125 0.25390625
0 0.0224609375 0.4609375 0.25 0.4755859375 0.263671875 0.4677734375 0.2607421875 0.373046875 0.01953125 0.3583984375 0.0224609375 0.4609375
0 0.259765625 0.6083984375 0.2587890625 0.486328125 0.021484375 0.4677734375 0.0224609375 0.587890625 0.259765625 0.6083984375
0 0.2607421875 0.615234375 0.01953125 0.5908203125 0.0205078125 0.705078125 0.248046875 0.7197265625 0.2529296875 0.7109375 0.2587890625 0.71875 0.263671875 0.7080078125 0.2607421875 0.615234375
0 0.1337890625 0.712890625 0.015625 0.7099609375 0.0185546875 0.80078125 0.1552734375 0.822265625 0.265625 0.8291015625 0.275390625 0.8173828125 0.27734375 0.7958984375 0.2744140625 0.73046875 0.1337890625 0.712890625
0 0 0.8505859375 0.0009765625 1 0.236328125 0.9990234375 0.244140625 0.9150390625 0.228515625 0.9013671875 0.2197265625 0.875 0 0.8505859375
0 0.8154296875 0.90234375 0.755859375 0.9091796875 0.7509765625 1 0.888671875 0.9990234375 0.89453125 0.9423828125 0.875 0.9287109375 0.8701171875 0.90625 0.8154296875 0.90234375
0 1 0.9091796875 0.9208984375 0.90234375 0.9140625 0.9111328125 0.90234375 0.9990234375 1 0.9990234375 1 0.9091796875
0 0.4365234375 0.90625 0.4091796875 0.87890625 0.3349609375 0.873046875 0.2666015625 0.873046875 0.25390625 0.8857421875 0.2451171875 1 0.72265625 0.9990234375 0.728515625 0.9267578125 0.7197265625 0.90234375 0.4716796875 0.888671875 0.4365234375 0.90625
0 0.3037109375 0.666015625 0.30078125 0.8310546875 0.3291015625 0.837890625 0.38671875 0.8369140625 0.427734375 0.8310546875 0.4296875 0.6689453125 0.3681640625 0.662109375 0.3037109375 0.666015625
0 0.3388671875 0.5078125 0.3154296875 0.5078125 0.2939453125 0.517578125 0.287109375 0.5615234375 0.298828125 0.6552734375 0.40625 0.6611328125 0.42578125 0.6533203125 0.4296875 0.5263671875 0.4130859375 0.515625 0.3388671875 0.5078125
0 0.447265625 0.6064453125 0.453125 0.6552734375 0.58984375 0.6689453125 0.603515625 0.5263671875 0.5478515625 0.517578125 0.4541015625 0.517578125 0.447265625 0.6064453125
0 0.5302734375 0.666015625 0.4541015625 0.666015625 0.4453125 0.6787109375 0.443359375 0.8310546875 0.55078125 0.8408203125 0.57421875 0.8349609375 0.583984375 0.7138671875 0.578125 0.6748046875 0.5302734375 0.666015625
0 0.5009765625 0 0.48828125 0.0107421875 0.482421875 0.0478515625 0.466796875 0.4833984375 0.525390625 0.4931640625 0.53515625 0.4892578125 0.54296875 0.3876953125 0.5546875 0.0146484375 0.5478515625 0 0.5009765625 0
0 0.40234375 0.0771484375 0.3828125 0.3701171875 0.3828125 0.4833984375 0.4013671875 0.490234375 0.44140625 0.4892578125 0.46875 0.0849609375 0.4677734375 0 0.4140625 0.0009765625 0.40234375 0.0771484375
0 0.2802734375 0.375 0.279296875 0.4814453125 0.3359375 0.4833984375 0.3642578125 0.482421875 0.369140625 0.4755859375 0.375 0.3857421875 0.2802734375 0.375
0 0.380859375 0.2978515625 0.376953125 0.2763671875 0.2841796875 0.263671875 0.279296875 0.3681640625 0.349609375 0.3779296875 0.361328125 0.3759765625 0.36328125 0.3486328125 0.373046875 0.3505859375 0.380859375 0.2978515625
0 0.37890625 0.2705078125 0.38671875 0.1591796875 0.2841796875 0.15234375 0.27734375 0.2626953125 0.37890625 0.2705078125
0 0.2880859375 0.0234375 0.27734375 0.0654296875 0.279296875 0.1396484375 0.3017578125 0.1484375 0.38671875 0.1533203125 0.3984375 0.0068359375 0.3486328125 0 0.3154296875 0.021484375 0.2880859375 0.0234375
0 0.779748046875 0.548376953125 0.626501953125 0.528845703125 0.6099765625 0.665564453125 0.767728515625 0.6790859375 0.779748046875 0.548376953125
0 0.611478515625 0.674580078125 0.59344921875 0.8443515625 0.7421875 0.86237890625 0.7662265625 0.68659765625 0.611478515625 0.674580078125
0 1 0.701623046875 0.779748046875 0.70012109375 0.7466953125 0.8638828125 0.99909765625 0.86688671875 1 0.701623046875
0 0.99909765625 0.555888671875 0.79777734375 0.545373046875 0.78125 0.685095703125 1 0.697115234375 0.99909765625 0.555888671875
0 1 0.533353515625 0.99609375 0.40715234375 0.8338339843749999 0.40715234375 0.8203125 0.435697265625 0.8203125 0.52433984375 1 0.533353515625
0 0.9975957031249999 0.2884609375 0.8218144531249999 0.28545703125 0.8218144531249999 0.401142578125 1 0.39813671875 0.9975957031249999 0.2884609375
0 0.99609375 0.17578125 0.8383417968750001 0.16826953125 0.8293261718749999 0.279447265625 1 0.28094921875 0.99609375 0.17578125
0 1 0.001501953125 0.8458535156250001 0 0.83984375 0.165263671875 0.9945917968750001 0.166767578125 1 0.001501953125
0 0.83683984375 0.001501953125 0.5618984375 0.00300390625 0.53936328125 0.50030078125 0.799279296875 0.5228359375 0.83683984375 0.001501953125