0 0.4765625 0.0048828125 0.0009765625 0 0 0.4150390625 0.0888671875 0.45703125 0.1298828125 0.486328125 0.384765625 0.6005859375 0.40234375 0.5498046875 0.41796875 0.4541015625 0.443359375 0.3935546875 0.4765625 0.0048828125
0 0.1181640625 0.63671875 0.0302734375 0.650390625 0.056640625 0.8681640625 0.0830078125 0.875 0.212890625 0.8779296875 0.2255859375 0.876953125 0.23046875 0.8642578125 0.24609375 0.6337890625 0.1181640625 0.63671875
0 0.25 0.8955078125 0.2451171875 1 0.57421875 0.9990234375 0.578125 0.9150390625 0.5712890625 0.908203125 0.2705078125 0.88671875 0.25 0.8955078125
0 0 0.8857421875 0.0009765625 1 0.2421875 0.9990234375 0.244140625 0.8974609375 0.2373046875 0.88671875 0.1572265625 0.880859375 0 0.8857421875
0 1 0.7392578125 0.7939453125 0.724609375 0.771484375 0.9462890625 0.970703125 0.9736328125 0.984375 0.9580078125 0.984375 0.9150390625 0.99609375 0.8876953125 0.986328125 0.8623046875 1 0.8115234375 1 0.7392578125
0 0.6005859375 1 0.74609375 0.9990234375 0.7568359375 0.92578125 0.6591796875 0.91015625 0.607421875 0.9111328125 0.6005859375 1
0 1 0.9990234375 0.9931640625 0.990234375 0.9599609375 0.986328125 0.9375 0.9951171875 1 0.9990234375
0 0.7646484375 1 0.912109375 0.9990234375 0.9091796875 0.970703125 0.8173828125 0.95703125 0.767578125 0.9580078125 0.7646484375 1
0 0.611328125 0.7216796875 0.60546875 0.8974609375 0.6123046875 0.904296875 0.755859375 0.9150390625 0.771484375 0.7216796875 0.6513671875 0.693359375 0.6240234375 0.6953125 0.611328125 0.7216796875
0 0.6455078125 0.685546875 0.7099609375 0.703125 1 0.7294921875 0.9951171875 0.55859375 0.6982421875 0.552734375 0.638671875 0.6474609375 0.6455078125 0.685546875
0 0.98046875 0.4248046875 0.970703125 0.3623046875 0.9287109375 0.345703125 0.8154296875 0.3203125 0.7783203125 0.314453125 0.7529296875 0.3203125 0.732421875 0.3603515625 0.6953125 0.5283203125 0.6982421875 0.544921875 0.740234375 0.5478515625 0.9091796875 0.546875 0.9521484375 0.533203125 0.970703125 0.4931640625 0.98046875 0.4248046875
0 0.8125 0.0791015625 0.8203125 0.0771484375 0.8115234375 0.076171875 0.76953125 0.2119140625 0.75390625 0.2978515625 0.8330078125 0.3125 0.8642578125 0.326171875 0.9912109375 0.353515625 0.99609375 0.3603515625 1 0.1220703125 0.8486328125 0.083984375 0.8154296875 0.083984375 0.8125 0.0791015625
0 0.8154296875 0.068359375 1 0.1044921875 0.9990234375 0 0.828125 0.0009765625 0.8125 0.0478515625 0.8154296875 0.068359375
0 0.7685546875 0.09375 0.6552734375 0.08203125 0.5 0.0908203125 0.51171875 0.0966796875 0.501953125 0.1044921875 0.50390625 0.1142578125 0.490234375 0.1220703125 0.478515625 0.2373046875 0.4853515625 0.25390625 0.5986328125 0.2734375 0.70703125 0.2802734375 0.7265625 0.2744140625 0.73828125 0.2431640625 0.771484375 0.1123046875 0.7685546875 0.09375
0 0.46484375 0.3291015625 0.4609375 0.4228515625 0.6201171875 0.51171875 0.6259765625 0.501953125 0.6376953125 0.501953125 0.6435546875 0.521484375 0.6494140625 0.517578125 0.6572265625 0.529296875 0.673828125 0.5302734375 0.724609375 0.3056640625 0.6533203125 0.2890625 0.4775390625 0.267578125 0.46484375 0.3291015625
0 0.59795703125 0.67157421875 0.677583984375 0.548376953125 0.61748828125 0.52433984375 0.501802734375 0.4642421875 0.450720703125 0.44921875 0.438701171875 0.537861328125 0.42217578125 0.65204296875 0.59795703125 0.67157421875
0 0.42668359375 0.65655078125 0.283955078125 0.579927734375 0.240384765625 0.8849160156250001 0.41015625 0.8834140625 0.42668359375 0.65655078125
0 0.259916015625 0.572416015625 0.0150234375 0.462740234375 0.025541015625000003 0.63701953125 0.26141796875 0.6204921875 0.259916015625 0.572416015625
0 0.594951171875 0.677583984375 0.4341953125 0.66105859375 0.416166015625 0.8894238281250001 0.5814296875 0.90594921875 0.594951171875 0.677583984375
0 0.8097949218749999 0.009013671875 0.498798828125 0.0045078125 0.494291015625 0.07061328125 0.779748046875 0.09465234375 0.8097949218749999 0.009013671875
0 0.0048828125 0.642578125 0 0.8759765625 0.029296875 0.8759765625 0.0390625 0.8642578125 0.037109375 0.8369140625 0.015625 0.6630859375 0.0048828125 0.642578125