0 0.458984375 0.0009765625 0.3095703125 0 0.298828125 0.0341796875 0.30078125 0.0693359375 0.2822265625 0.08984375 0.17578125 0.1611328125 0.15625 0.2041015625 0.154296875 0.2333984375 0.2158203125 0.24609375 0.4140625 0.2646484375 0.421875 0.2568359375 0.439453125 0.0654296875 0.453125 0.0400390625 0.458984375 0.0009765625
0 0 0.2431640625 0.130859375 0.2490234375 0.173828125 0.0966796875 0.0791015625 0.09375 0.0009765625 0.1171875 0 0.2431640625
0 0.2490234375 0.0703125 0.2099609375 0.078125 0.177734375 0.0947265625 0.171875 0.1435546875 0.1796875 0.1591796875 0.279296875 0.0849609375 0.265625 0.0712890625 0.2646484375 0.0546875 0.2490234375 0.0703125
0 0 0.7509765625 0.04296875 0.7548828125 0.0625 0.7333984375 0.064453125 0.7001953125 0.078125 0.6845703125 0.080078125 0.5966796875 0.091796875 0.5439453125 0.087890625 0.5205078125 0.103515625 0.4951171875 0.109375 0.4677734375 0.111328125 0.4365234375 0.1005859375 0.42578125 0.0810546875 0.435546875 0.0576171875 0.435546875 0.0478515625 0.42578125 0 0.4326171875 0 0.7509765625
0 0 0.4111328125 0.005859375 0.4111328125 0.109375 0.3974609375 0.10546875 0.3740234375 0.119140625 0.3564453125 0.1171875 0.3095703125 0.13671875 0.2705078125 0.1298828125 0.25390625 0 0.2470703125 0 0.4111328125
0 0 0.9990234375 0.048828125 0.9990234375 0.0703125 0.8017578125 0.0673828125 0.783203125 0.0380859375 0.775390625 0 0.7861328125 0 0.9990234375
0 0.4453125 0.7705078125 0.4365234375 0.751953125 0.3525390625 0.748046875 0.2236328125 0.763671875 0.1123046875 0.759765625 0.09375 0.7685546875 0.083984375 0.8056640625 0.0751953125 0.94140625 0.150240234375 0.9630410156250001 0.345703125 0.9990234375 0.376953125 0.9560546875 0.400390625 0.9033203125 0.40625 0.8642578125 0.4453125 0.7705078125
0 0.0595703125 1 0.32421875 0.9990234375 0.0849609375 0.9453125 0.0703125 0.9482421875 0.05859375 0.9775390625 0.0595703125 1
0 0.2822265625 0.744140625 0.4111328125 0.73828125 0.421875 0.7197265625 0.423828125 0.6767578125 0.419921875 0.6298828125 0.408203125 0.6005859375 0.3994140625 0.59375 0.2548828125 0.595703125 0.2451171875 0.607421875 0.2236328125 0.609375 0.2177734375 0.6015625 0.1923828125 0.6015625 0.1806640625 0.59375 0.1259765625 0.591796875 0.109375 0.6142578125 0.119140625 0.6806640625 0.115234375 0.6982421875 0.099609375 0.7119140625 0.09765625 0.7392578125 0.1181640625 0.748046875 0.1875 0.7470703125 0.1982421875 0.73828125 0.2333984375 0.7421875 0.2568359375 0.7265625 0.2822265625 0.744140625
0 0.392578125 0.4892578125 0.38671875 0.3994140625 0.2197265625 0.390625 0.1513671875 0.396484375 0.140625 0.4091796875 0.130859375 0.5029296875 0.1171875 0.5361328125 0.123046875 0.5791015625 0.1533203125 0.58203125 0.1728515625 0.57421875 0.2080078125 0.58203125 0.2451171875 0.580078125 0.2587890625 0.58984375 0.3359375 0.5908203125 0.40234375 0.5830078125 0.3984375 0.5458984375 0.408203125 0.5205078125 0.392578125 0.4892578125
0 0.5947265625 0.55859375 0.61328125 0.5556640625 0.60546875 0.4150390625 0.6005859375 0.408203125 0.5673828125 0.412109375 0.4619140625 0.40234375 0.431640625 0.4248046875 0.4453125 0.4873046875 0.427734375 0.5498046875 0.4296875 0.7158203125 0.4599609375 0.7265625 0.5009765625 0.720703125 0.5205078125 0.734375 0.5654296875 0.73828125 0.5966796875 0.765625 0.609375 0.7666015625 0.615234375 0.6103515625 0.5810546875 0.595703125 0.576171875 0.5869140625 0.5947265625 0.55859375
0 0.8232421875 0.908203125 0.8095703125 0.890625 0.7822265625 0.88671875 0.7470703125 0.869140625 0.6923828125 0.8671875 0.6552734375 0.830078125 0.6044921875 0.814453125 0.5556640625 0.822265625 0.4580078125 0.771484375 0.447265625 0.7763671875 0.4375 0.7978515625 0.4140625 0.8779296875 0.41015625 0.9111328125 0.4267578125 1 1 0.9990234375 0.9951171875 0.951171875 0.8896484375 0.923828125 0.8525390625 0.921875 0.8232421875 0.908203125
0 0.5576171875 0.822265625 0.4541015625 0.76953125 0.4375 0.7978515625 0.41015625 0.8955078125 0.42578125 0.9990234375 0.646484375 0.9990234375 0.689453125 0.8662109375 0.677734375 0.8466796875 0.6005859375 0.81640625 0.5576171875 0.822265625
0 1 0.7431640625 0.9716796875 0.7109375 0.9013671875 0.69921875 0.8857421875 0.724609375 0.8583984375 0.72265625 0.845703125 0.7158203125 0.849609375 0.7119140625 0.8330078125 0.689453125 0.8212890625 0.689453125 0.79296875 0.8291015625 0.796875 0.8525390625 0.8154296875 0.87109375 0.8857421875 0.87109375 0.9013671875 0.890625 0.9189453125 0.892578125 0.9365234375 0.921875 0.96875 0.9287109375 1 0.9208984375 1 0.7431640625
0 0.7890625 0.8193359375 0.810546875 0.6884765625 0.6298828125 0.654296875 0.62109375 0.7822265625 0.7890625 0.8193359375
0 0.7861328125 0.384765625 0.7509765625 0.388671875 0.7294921875 0.361328125 0.6962890625 0.359375 0.6875 0.3896484375 0.7021484375 0.392578125 0.7001953125 0.40234375 0.6689453125 0.37890625 0.6513671875 0.37890625 0.619140625 0.4033203125 0.623046875 0.5439453125 0.64453125 0.5810546875 0.630859375 0.6103515625 0.630859375 0.6435546875 0.6357421875 0.6328125 0.640625 0.6513671875 0.6591796875 0.662109375 0.759765625 0.6708984375 0.765625 0.6669921875 0.767578125 0.6025390625 0.798828125 0.3935546875 0.7861328125 0.384765625
0 0.9287109375 0.427734375 0.8583984375 0.400390625 0.8076171875 0.392578125 0.798828125 0.4013671875 0.791015625 0.4482421875 0.765625 0.6669921875 0.8408203125 0.6796875 0.8681640625 0.6640625 0.8994140625 0.685546875 0.916015625 0.6865234375 0.9296875 0.6572265625 0.966796875 0.4384765625 0.9541015625 0.427734375 0.9287109375 0.427734375
0 1 0.5576171875 0.9697265625 0.552734375 0.947265625 0.5654296875 0.92578125 0.6923828125 0.974609375 0.7060546875 1 0.6884765625 1 0.5576171875
0 1 0.5517578125 0.9990234375 0.31640625 0.966796875 0.4580078125 0.9609375 0.5458984375 1 0.5517578125
0 1 0.0009765625 0.6806640625 0 0.63671875 0.2978515625 0.65234375 0.3623046875 0.6806640625 0.369140625 0.6982421875 0.353515625 0.7197265625 0.3515625 0.7529296875 0.37890625 0.8134765625 0.380859375 0.8681640625 0.39453125 0.974609375 0.3974609375 0.984375 0.3779296875 1 0.2705078125 1 0.0009765625
0 0.4716796875 0.0390625 0.462890625 0.0478515625 0.45703125 0.1064453125 0.4677734375 0.11328125 0.63671875 0.1201171875 0.65234375 0.1103515625 0.66015625 0.0595703125 0.6533203125 0.04296875 0.4716796875 0.0390625
0 0.658203125 0.0400390625 0.6689453125 0 0.470703125 0.0009765625 0.4736328125 0.037109375 0.658203125 0.0400390625
0 0.45703125 0.1181640625 0.44921875 0.1826171875 0.4755859375 0.208984375 0.5146484375 0.212890625 0.5126953125 0.205078125 0.5 0.2041015625 0.5498046875 0.201171875 0.5751953125 0.205078125 0.5849609375 0.220703125 0.62890625 0.2255859375 0.640625 0.1962890625 0.6474609375 0.119140625 0.4658203125 0.11328125 0.45703125 0.1181640625
0 0.44140625 0.2138671875 0.4365234375 0.283203125 0.61328125 0.3173828125 0.62890625 0.2763671875 0.6298828125 0.2265625 0.4580078125 0.20703125 0.44140625 0.2138671875
0 0.4306640625 0.326171875 0.421875 0.3310546875 0.41796875 0.3662109375 0.4521484375 0.376953125 0.4619140625 0.388671875 0.5185546875 0.384765625 0.5556640625 0.3984375 0.578125 0.3974609375 0.599609375 0.3837890625 0.5927734375 0.3515625 0.5517578125 0.353515625 0.4306640625 0.326171875
0 0.4404296875 0.287109375 0.42578125 0.2958984375 0.4267578125 0.326171875 0.5400390625 0.3515625 0.580078125 0.3525390625 0.599609375 0.3447265625 0.611328125 0.3232421875 0.6064453125 0.318359375 0.4404296875 0.287109375
0 0.1787109375 0.2421875 0.1572265625 0.2421875 0.150390625 0.2490234375 0.14453125 0.2841796875 0.15234375 0.3017578125 0.150390625 0.3349609375 0.1611328125 0.359375 0.2255859375 0.3671875 0.2451171875 0.37890625 0.2724609375 0.3828125 0.3134765625 0.375 0.3447265625 0.388671875 0.388671875 0.3896484375 0.41015625 0.3662109375 0.421875 0.2998046875 0.4169921875 0.26953125 0.1787109375 0.2421875
0 0 0 0 0.0616328125 0.1239765625 0 0 0