0 0.2542134828125 0.01171875 0.2471910109375 0.1044921875 0.2528089890625 0.1298828125 0.269662921875 0.1455078125 0.2471910109375 0.1826171875 0.2471910109375 0.2158203125 0.2879213484375 0.21875 0.30196629218750004 0.240234375 0.34971910156249997 0.244140625 0.355337078125 0.224609375 0.3721910109375 0.220703125 0.394662921875 0.232421875 0.40028089843750003 0.21484375 0.4283707859375 0.2109375 0.47331460625000005 0.255859375 0.5280898875 0.2587890625 0.55477528125 0.251953125 0.5674157296875 0.2392578125 0.5646067421875001 0.0341796875 0.2542134828125 0.01171875
0 0.5814606734375001 0.1337890625 0.591292134375 0.259765625 0.994382021875 0.2783203125 0.9957865171875 0.13671875 0.61095505625 0.123046875 0.5941011234375 0.123046875 0.5814606734375001 0.1337890625
0 0.5842696625 0.0009765625 0.591292134375 0.119140625 0.7373595500000001 0.126953125 0.744382021875 0.1103515625 0.7738764046875 0.095703125 0.797752809375 0.1044921875 0.8075842703125 0.12890625 0.980337078125 0.1337890625 0.9971910109375001 0.1318359375 1 0.1142578125 0.99859550625 0 0.5842696625 0.0009765625
0 0.5814606734375001 0.2744140625 0.5955056187500001 0.6083984375 0.602528090625 0.6171875 0.6292134828125 0.6181640625 0.9971910109375001 0.6044921875 0.9929775281250001 0.28515625 0.625 0.267578125 0.5814606734375001 0.2744140625
0 0.7612359546875 0.3681640625 0.7471910109375 0.3876953125 0.7471910109375 0.4443359375 0.9353932578125 0.4462890625 0.9971910109375001 0.4423828125 0.9971910109375001 0.2861328125 0.7682584265625 0.27734375 0.7612359546875 0.3681640625
0 0.59831460625 0.6103515625 0.61095505625 0.619140625 0.6629213484375 0.6181640625 0.9929775281250001 0.609375 0.9971910109375001 0.4501953125 0.5941011234375 0.45703125 0.59831460625 0.6103515625
0 0.6418539328125 0.26953125 0.5814606734375001 0.2744140625 0.5870786515625 0.4423828125 0.5941011234375 0.453125 0.6067415734375 0.4521484375 0.741573034375 0.4423828125 0.7668539328125 0.3017578125 0.7626404499999999 0.27734375 0.6418539328125 0.26953125
0 0.813202246875 0.638671875 0.7626404499999999 0.64453125 0.681179775 0.640625 0.5884831453125 0.654296875 0.5098314609375 0.646484375 0.480337078125 0.6572265625 0.4831460671875 0.8173828125 0.4606741578125 0.8369140625 0.45365168593750005 1 0.9971910109375001 0.9990234375 1 0.6787109375 0.9901685390624999 0.638671875 0.852528090625 0.646484375 0.813202246875 0.638671875
0 0.005617978125 0.7802734375 0.004213482812500001 1 0.4353932578125 0.9990234375 0.4550561796875 0.8486328125 0.4592696625 0.6796875 0.13904494375 0.771484375 0.005617978125 0.7802734375
0 0.1011235953125 0.6728515625 0.1011235953125 0.7119140625 0.11235955 0.7138671875 0.3862359546875 0.634765625 0.3848314609375 0.5322265625 0.1418539328125 0.513671875 0.1011235953125 0.6728515625
0 0.3932584265625 0.6240234375 0.4157303375 0.6259765625 0.563202246875 0.615234375 0.5674157296875 0.5361328125 0.394662921875 0.52734375 0.3932584265625 0.6240234375
0 0 0.7158203125 0.011235954687499999 0.7236328125 0.08146067343749999 0.7119140625 0.119382021875 0.515625 0.005617978125 0.5087890625 0 0.7158203125
0 0.4283707859375 0.43359375 0.3244382015625 0.419921875 0.244382021875 0.4228515625 0.23735955 0.509765625 0.38904494375 0.521484375 0.5365168546875 0.5205078125 0.5533707859375 0.4970703125 0.5533707859375 0.4482421875 0.5435393265624999 0.4375 0.4283707859375 0.43359375
0 0.0182584265625 0.41796875 0.005617978125 0.4072265625 0.005617978125 0.4501953125 0.035112359375 0.453125 0.0575842703125 0.46484375 0.050561798437500007 0.4794921875 0.0716292140625 0.4921875 0.116573034375 0.49609375 0.13904494375 0.48046875 0.1573033703125 0.4873046875 0.16151685468750002 0.5 0.1853932578125 0.4990234375 0.21348314531249998 0.4931640625 0.21769662968749998 0.416015625 0.02668539375 0.404296875 0.0182584265625 0.41796875
0 0.519662921875 0.4013671875 0.5393258421875 0.3955078125 0.5294943812499999 0.359375 0.5070224718749999 0.3515625 0.2528089890625 0.3330078125 0.2542134828125 0.408203125 0.4143258421875 0.427734375 0.5168539328125 0.4287109375 0.5154494374999999 0.421875 0.491573034375 0.4169921875 0.5154494374999999 0.4140625 0.519662921875 0.4013671875
0 0.0028089890625 0.3173828125 0.007022471875 0.396484375 0.216292134375 0.4072265625 0.23033707812499998 0.3427734375 0.22331460625 0.328125 0.0519662921875 0.314453125 0.0028089890625 0.3173828125
0 0.4199438203125 0.26171875 0.375 0.263671875 0.3384831453125 0.251953125 0.20926966249999998 0.23828125 0.0028089890625 0.2314453125 0.0098314609375 0.30859375 0.2457865171875 0.3203125 0.26264045 0.328125 0.519662921875 0.3466796875 0.5308988765625 0.3408203125 0.5393258421875 0.3115234375 0.52668539375 0.275390625 0.4199438203125 0.26171875
0 0.007022471875 0 0.005617978125 0.0439453125 0.0575842703125 0.04296875 0.089887640625 0.0849609375 0.08005617968749999 0.103515625 0.063202246875 0.1015625 0.0463483140625 0.111328125 0.0379213484375 0.1015625 0.0028089890625 0.1103515625 0.005617978125 0.1630859375 0.1994382015625 0.1669921875 0.1966292140625 0.1220703125 0.241573034375 0.0986328125 0.241573034375 0.0009765625 0.0716292140625 0 0.0519662921875 0.0078125 0.0379213484375 0 0.007022471875 0
0 0.007022471875 0.1640625 0 0.1708984375 0.007022471875 0.228515625 0.2247191015625 0.2353515625 0.23033707812499998 0.1943359375 0.20926966249999998 0.171875 0.02949438125 0.1640625 0.007022471875 0.1640625