0 0.11328125 0.0771484375 0.125 0.1396484375 0.3271484375 0.12890625 0.326171875 0.0029296875 0.1142578125 0 0.11328125 0.0771484375
0 0 0.2333984375 0.09765625 0.2392578125 0.119140625 0.2119140625 0.103515625 0.0009765625 0.0009765625 0 0 0.2333984375
0 0.1279296875 0.146484375 0.12109375 0.1591796875 0.125 0.2138671875 0.1474609375 0.2265625 0.1787109375 0.2265625 0.1982421875 0.248046875 0.20703125 0.2470703125 0.212890625 0.2431640625 0.2109375 0.1435546875 0.2041015625 0.138671875 0.1279296875 0.146484375
0 0.216796875 0.2470703125 0.228515625 0.2509765625 0.333984375 0.2431640625 0.3291015625 0.130859375 0.212890625 0.1396484375 0.216796875 0.2470703125
0 0.3359375 0.1572265625 0.3388671875 0.240234375 0.3701171875 0.236328125 0.3935546875 0.25 0.44140625 0.2509765625 0.44921875 0.2431640625 0.4462890625 0.1484375 0.3505859375 0.1484375 0.3359375 0.1572265625
0 0.3408203125 0.03515625 0.33984375 0.1435546875 0.431640625 0.1455078125 0.4375 0.1142578125 0.451171875 0.0947265625 0.451171875 0.0361328125 0.3408203125 0.03515625
0 0.455078125 0.1064453125 0.46484375 0.1220703125 0.451171875 0.1455078125 0.44921875 0.2431640625 0.5 0.2607421875 0.51171875 0.2392578125 0.517578125 0.0810546875 0.4599609375 0.076171875 0.455078125 0.1064453125
0 0.4873046875 0 0.330078125 0.0009765625 0.33203125 0.0283203125 0.3388671875 0.03515625 0.4501953125 0.033203125 0.45703125 0.0400390625 0.4580078125 0.072265625 0.513671875 0.0751953125 0.5234375 0.0634765625 0.5234375 0.0322265625 0.5068359375 0.025390625 0.4873046875 0
0 0.6376953125 0.166015625 0.607421875 0.1630859375 0.6015625 0.0849609375 0.572265625 0.0732421875 0.576171875 0.0341796875 0.5478515625 0.0234375 0.521484375 0.0830078125 0.513671875 0.2392578125 0.5205078125 0.255859375 0.5673828125 0.2734375 0.595703125 0.2744140625 0.6181640625 0.267578125 0.63671875 0.2509765625 0.64453125 0.1787109375 0.6376953125 0.166015625
0 0.75390625 0.0283203125 0.7734375 0.0146484375 0.7734375 0.0009765625 0.5947265625 0 0.587890625 0.0341796875 0.603515625 0.0732421875 0.609375 0.1494140625 0.6826171875 0.158203125 0.748046875 0.1826171875 0.7578125 0.1767578125 0.767578125 0.0673828125 0.74609375 0.0576171875 0.75390625 0.0283203125
0 0.8798828125 0 0.77734375 0.0009765625 0.7734375 0.0263671875 0.78515625 0.0419921875 0.76953125 0.0595703125 0.7578125 0.1689453125 0.759765625 0.1806640625 0.771484375 0.1845703125 0.8212890625 0.1640625 0.8515625 0.1416015625 0.875 0.0654296875 0.8798828125 0
0 0.955078125 0.0419921875 0.9794921875 0.01953125 0.9990234375 0.0234375 0.9990234375 0 0.88671875 0.0009765625 0.88671875 0.0380859375 0.859375 0.1298828125 0.865234375 0.1376953125 0.9111328125 0.12109375 0.96875 0.0810546875 0.96875 0.0654296875 0.955078125 0.0419921875
0 0.95703125 0.1806640625 0.9501953125 0.158203125 0.8974609375 0.177734375 0.7724609375 0.2421875 0.763671875 0.2529296875 0.765625 0.3974609375 0.7978515625 0.419921875 0.826171875 0.4208984375 0.8779296875 0.404296875 0.9013671875 0.412109375 0.943359375 0.3994140625 0.95703125 0.1806640625
0 1 0.2470703125 0.9619140625 0.2421875 0.947265625 0.3974609375 0.9521484375 0.404296875 1 0.4072265625 1 0.2470703125
0 0.9638671875 0.240234375 1 0.2431640625 0.9990234375 0.111328125 0.9609375 0.1552734375 0.95703125 0.2314453125 0.9638671875 0.240234375
0 0.94140625 0.4462890625 0.921875 0.7138671875 0.921875 0.7470703125 0.9375 0.7568359375 1 0.7490234375 0.9990234375 0.4375 0.9501953125 0.435546875 0.94140625 0.4462890625
0 0.7666015625 0.43359375 0.759765625 0.4521484375 0.73828125 0.7626953125 0.88671875 0.7666015625 0.916015625 0.7470703125 0.9375 0.4443359375 0.8291015625 0.4296875 0.7666015625 0.43359375
0 0.755859375 0.4306640625 0.6435546875 0.412109375 0.5595703125 0.408203125 0.546875 0.4169921875 0.556640625 0.4560546875 0.533203125 0.5400390625 0.521484375 0.6767578125 0.49609375 0.7802734375 0.5224609375 0.791015625 0.5615234375 0.783203125 0.5849609375 0.79296875 0.63671875 0.7919921875 0.6630859375 0.787109375 0.6884765625 0.767578125 0.734375 0.7626953125 0.755859375 0.4306640625
0 0.810546875 0.9365234375 0.828125 0.7880859375 0.7509765625 0.78125 0.6845703125 0.796875 0.673828125 0.8134765625 0.6484375 0.9990234375 0.796875 0.9990234375 0.80078125 0.9775390625 0.78515625 0.9638671875 0.783203125 0.9501953125 0.810546875 0.9365234375
0 1 0.7880859375 0.9853515625 0.783203125 0.9521484375 0.791015625 0.9384765625 0.77734375 0.8798828125 0.779296875 0.8740234375 0.79296875 0.8583984375 0.78125 0.8369140625 0.78515625 0.8125 0.9306640625 0.818359375 0.9580078125 0.802734375 0.9794921875 0.80078125 0.9990234375 1 0.9990234375 1 0.7880859375
0 0.51171875 0.9013671875 0.49609375 0.9423828125 0.498046875 0.9990234375 0.64453125 0.9990234375 0.673828125 0.7978515625 0.5634765625 0.80859375 0.5283203125 0.8046875 0.51171875 0.9013671875
0 0.509765625 0.8759765625 0.509765625 0.8623046875 0.49609375 0.8486328125 0.517578125 0.8291015625 0.51953125 0.7998046875 0.5009765625 0.794921875 0.4833984375 0.818359375 0.4619140625 0.826171875 0.3642578125 0.783203125 0.33984375 0.8056640625 0.341796875 0.8310546875 0.328125 0.8505859375 0.32421875 0.8896484375 0.302734375 0.9130859375 0.28515625 0.9990234375 0.482421875 0.9990234375 0.4765625 0.9873046875 0.48828125 0.9677734375 0.482421875 0.9404296875 0.509765625 0.8759765625
0 0 0.8759765625 0.119140625 0.9169921875 0.1474609375 0.912109375 0.162109375 0.8974609375 0.2265625 0.8017578125 0.2578125 0.7353515625 0.1845703125 0.7109375 0.1416015625 0.6796875 0.1083984375 0.6796875 0.0869140625 0.666015625 0.048828125 0.7373046875 0.060546875 0.7607421875 0.05859375 0.7783203125 0.0302734375 0.7890625 0.015625 0.7744140625 0.0107421875 0.751953125 0 0.7666015625 0 0.8759765625
0 0.0517578125 0.625 0.0263671875 0.623046875 0.0009765625 0.609375 0 0.7470703125 0.017578125 0.7490234375 0.048828125 0.7353515625 0.080078125 0.6708984375 0.05859375 0.6533203125 0.0517578125 0.625
0 0.0810546875 0.9140625 0.08203125 0.9267578125 0.072265625 0.9384765625 0.0498046875 0.951171875 0.03515625 0.9404296875 0.029296875 0.9248046875 0.0380859375 0.916015625 0.068359375 0.9091796875 0.0048828125 0.88671875 0 0.9990234375 0.095703125 0.9990234375 0.115234375 0.9619140625 0.10546875 0.9462890625 0.11328125 0.9228515625 0.0810546875 0.9140625
0 0.123046875 0.2919921875 0.123046875 0.2744140625 0.0947265625 0.244140625 0.0009765625 0.23828125 0 0.5322265625 0.0263671875 0.533203125 0.0458984375 0.546875 0.0625 0.5478515625 0.08984375 0.5126953125 0.099609375 0.4638671875 0.10546875 0.3271484375 0.123046875 0.2919921875
0 0.7099609375 0.27734375 0.6943359375 0.28515625 0.6806640625 0.2734375 0.6591796875 0.27734375 0.6376953125 0.298828125 0.5693359375 0.333984375 0.55078125 0.3701171875 0.5576171875 0.3984375 0.5888671875 0.390625 0.59765625 0.3955078125 0.5966796875 0.404296875 0.6142578125 0.408203125 0.748046875 0.4208984375 0.76171875 0.3876953125 0.765625 0.2958984375 0.7587890625 0.28125 0.7099609375 0.27734375