0 0.555888671875 0.12019140625 0.80078125 0.135216796875 0.799279296875 0.0045078125 0.53485546875 0.01201953125 0.555888671875 0.12019140625
0 0.540865234375 0.21033593750000001 0.740685546875 0.22686328125 0.78876171875 0.1412265625 0.5423671875 0.12920703125 0.540865234375 0.21033593750000001
0 0.540865234375 0.018029296875 0.50030078125 0.01953125 0.438701171875 0.009013671875 0.4146640625 0.21033593750000001 0.537861328125 0.21484375 0.540865234375 0.018029296875
0 0.3125 0.1953125 0.330529296875 0.19831640625 0.41316015625 0.201322265625 0.4251796875 0.010517578125 0.353064453125 0 0.32001171875 0.0150234375 0.3275234375 0.06610546875 0.323017578125 0.11868945312500001 0.3125 0.1953125
0 0.3861171875 0.36358203125 0.408654296875 0.213341796875 0.1998203125 0.21033593750000001 0.19230859375 0.286958984375 0.184794921875 0.362080078125 0.3861171875 0.36358203125
0 0.196814453125 0.21784765625000002 0.001501953125 0.21935156249999999 0 0.357572265625 0.186298828125 0.360576171875 0.196814453125 0.21784765625000002
0 0.162259765625 0.03605859375 0.006009765625 0.064603515625 0 0.20282421875 0.181791015625 0.20282421875 0.162259765625 0.03605859375
0 0.1908046875 0.20282421875 0.3125 0.201322265625 0.321513671875 0.08713867187499999 0.30048046875 0.009013671875 0.17578125 0.033052734375 0.1802890625 0.08713867187499999 0.189302734375 0.138220703125 0.1908046875 0.20282421875
0 0.025541015625000003 0 0.01201953125 0.05859375 0.166767578125 0.02253515625 0.166767578125 0 0.025541015625000003 0
0 0.9420078125 0.25390625 0.7376796875 0.24188671875 0.674580078125 0.3470546875 0.93449609375 0.350060546875 0.9420078125 0.25390625
0 0.733173828125 0.22986718750000001 0.420673828125 0.21784765625000002 0.396634765625 0.333533203125 0.670072265625 0.3470546875 0.733173828125 0.22986718750000001
0 0.99609375 0.17878515625 1 0.00300390625 0.8158046875 0.00300390625 0.8067910156250001 0.138220703125 0.8849160156250001 0.16376171875 0.99609375 0.17878515625
0 0.94501171875 0.17878515625 0.8608769531249999 0.1607578125 0.80078125 0.1412265625 0.77373828125 0.1712734375 0.7421875 0.234375 0.94050390625 0.25090234375 0.94501171875 0.17878515625
0 0.94050390625 0.25390625 0.9375 0.30949609375 0.9359980468750001 0.34855859375 1 0.35456640625 0.9975957031249999 0.262919921875 0.94050390625 0.25390625
0 1 0.18780078125 0.9465136718749999 0.1802890625 0.94050390625 0.252404296875 0.99909765625 0.26141796875 1 0.18780078125
0 0.8740234375 0.5234375 0.8037109375 0.5234375 0.796875 0.5283203125 0.796875 0.5908203125 0.765625 0.8759765625 0.759765625 0.9990234375 1 0.9990234375 0.99609375 0.5830078125 0.9736328125 0.5546875 0.9423828125 0.5390625 0.8740234375 0.5234375
0 0.537109375 0.9091796875 0.591796875 0.9560546875 0.6025390625 1 0.744140625 0.9990234375 0.751953125 0.9326171875 0.7451171875 0.923828125 0.53515625 0.8994140625 0.537109375 0.9091796875
0 0.5517578125 0.779296875 0.5390625 0.7841796875 0.5234375 0.8564453125 0.525390625 0.8779296875 0.5380859375 0.890625 0.5830078125 0.90625 0.7421875 0.9208984375 0.755859375 0.8779296875 0.7548828125 0.810546875 0.6181640625 0.78515625 0.5517578125 0.779296875
0 0.5615234375 0.697265625 0.548828125 0.7099609375 0.5458984375 0.765625 0.6806640625 0.79296875 0.759765625 0.7978515625 0.771484375 0.7314453125 0.7685546875 0.70703125 0.6318359375 0.6953125 0.5615234375 0.697265625
0 0.44921875 0.7529296875 0.427734375 0.8212890625 0.509765625 0.8505859375 0.525390625 0.8271484375 0.54296875 0.6962890625 0.4560546875 0.68359375 0.44921875 0.7529296875
0 0.46875 0.5537109375 0.455078125 0.5732421875 0.4453125 0.6103515625 0.443359375 0.6650390625 0.4501953125 0.673828125 0.5693359375 0.69140625 0.6171875 0.6904296875 0.626953125 0.6865234375 0.6259765625 0.5390625 0.5146484375 0.537109375 0.46875 0.5537109375
0 0.6376953125 0.5390625 0.634765625 0.6884765625 0.763671875 0.7001953125 0.775390625 0.6943359375 0.77734375 0.6787109375 0.78515625 0.5244140625 0.6376953125 0.5390625
0 0.2568359375 0.787109375 0.3193359375 0.775390625 0.375 0.7255859375 0.3818359375 0.7109375 0.40625 0.7001953125 0.412109375 0.6279296875 0.439453125 0.5439453125 0.43359375 0.5244140625 0.4150390625 0.509765625 0.4013671875 0.51171875 0.392578125 0.5302734375 0.3701171875 0.544921875 0.17578125 0.5478515625 0.16015625 0.8427734375 0.1796875 0.8427734375 0.2158203125 0.833984375 0.220703125 0.8037109375 0.2392578125 0.783203125 0.2568359375 0.787109375
0 0 0.8369140625 0.08984375 0.8408203125 0.14453125 0.8330078125 0.1640625 0.5439453125 0.0009765625 0.525390625 0 0.8369140625
0 0.1806640625 0.880859375 0.12109375 0.9111328125 0.12109375 0.9267578125 0.1357421875 0.953125 0.169921875 0.9521484375 0.3388671875 0.94140625 0.33984375 0.8544921875 0.2431640625 0.86328125 0.1806640625 0.880859375
0 0.130859375 0.9658203125 0.1376953125 1 0.34765625 0.9990234375 0.33984375 0.9560546875 0.3193359375 0.947265625 0.1806640625 0.955078125 0.130859375 0.9658203125
0 0.4833984375 0.84375 0.4599609375 0.833984375 0.4248046875 0.83203125 0.3955078125 0.845703125 0.3583984375 0.845703125 0.345703125 0.8525390625 0.349609375 0.9248046875 0.357421875 0.9619140625 0.3662109375 0.96875 0.4599609375 0.984375 0.587890625 0.9931640625 0.580078125 0.9521484375 0.53515625 0.9169921875 0.509765625 0.8642578125 0.4833984375 0.84375
0 0.0009765625 1 0.12890625 0.9990234375 0.1171875 0.9326171875 0.1064453125 0.916015625 0 0.9306640625 0.0009765625 1