0 0.125 0.1240234375 0.1484375 0.1376953125 0.1552734375 0.166015625 0.2138671875 0.18359375 0.369140625 0.2099609375 0.37890625 0.1826171875 0.3935546875 0.01953125 0.134765625 0.0126953125 0.125 0.1240234375
0 0.107421875 0.2197265625 0.103515625 0.3544921875 0.2421875 0.3642578125 0.25 0.3525390625 0.26171875 0.2001953125 0.1240234375 0.169921875 0.107421875 0.2197265625
0 0.2685546875 0.203125 0.251953125 0.3603515625 0.373046875 0.3701171875 0.392578125 0.3173828125 0.40234375 0.2275390625 0.3388671875 0.2109375 0.2685546875 0.203125
0 0.259765625 0.4833984375 0.23828125 0.6689453125 0.279296875 0.6826171875 0.345703125 0.6669921875 0.3671875 0.5068359375 0.3603515625 0.482421875 0.259765625 0.4833984375
0 0.119140625 0.5185546875 0.11328125 0.6142578125 0.1318359375 0.62890625 0.232421875 0.6669921875 0.25 0.5673828125 0.255859375 0.4794921875 0.1337890625 0.46875 0.119140625 0.5185546875
0 0.240234375 0.7216796875 0.240234375 0.6806640625 0.1435546875 0.638671875 0.0810546875 0.62109375 0.068359375 0.6357421875 0.064453125 0.6728515625 0.041015625 0.7470703125 0.0234375 0.8759765625 0.025390625 0.9091796875 0.1044921875 0.92578125 0.173828125 0.9248046875 0.197265625 0.8740234375 0.208984375 0.8134765625 0.228515625 0.7763671875 0.240234375 0.7216796875
0 0.62890625 0.8740234375 0.630859375 0.8056640625 0.6220703125 0.79296875 0.5380859375 0.771484375 0.5107421875 0.775390625 0.3837890625 0.765625 0.369140625 0.7744140625 0.33203125 0.8935546875 0.3427734375 0.923828125 0.4384765625 0.955078125 0.4814453125 0.95703125 0.4912109375 0.966796875 0.599609375 0.9775390625 0.607421875 0.9716796875 0.603515625 0.9482421875 0.615234375 0.9404296875 0.62890625 0.8740234375
0 0.3740234375 0.76953125 0.33203125 0.8935546875 0.33984375 0.9208984375 0.3837890625 0.94140625 0.474609375 0.9560546875 0.49609375 0.8876953125 0.51171875 0.7783203125 0.4306640625 0.765625 0.3740234375 0.76953125
0 0.65625 0.8056640625 0.640625 0.9091796875 0.7080078125 0.919921875 0.7353515625 0.93359375 0.822265625 0.9462890625 0.830078125 0.8154296875 0.6923828125 0.779296875 0.6669921875 0.783203125 0.65625 0.8056640625
0 0.63671875 0.9208984375 0.6240234375 1 0.818359375 0.9990234375 0.8173828125 0.951171875 0.7294921875 0.9375 0.6533203125 0.916015625 0.63671875 0.9208984375
0 0.826171875 0.9658203125 0.8251953125 1 1 0.9990234375 0.9990234375 0.986328125 0.9619140625 0.9765625 0.8349609375 0.953125 0.826171875 0.9658203125
0 1 0.8466796875 0.9326171875 0.830078125 0.8388671875 0.822265625 0.830078125 0.9443359375 0.8603515625 0.95703125 0.984375 0.9755859375 1 0.9736328125 1 0.8466796875
0 0.779296875 0.6455078125 0.775390625 0.7158203125 0.8330078125 0.73046875 0.92578125 0.7353515625 0.939453125 0.7197265625 0.962890625 0.5986328125 0.7939453125 0.587890625 0.779296875 0.6455078125
0 1 0.5986328125 0.9736328125 0.595703125 0.96484375 0.6083984375 0.9375 0.7431640625 0.9541015625 0.75390625 1 0.7568359375 1 0.5986328125
0 0.791015625 0.5615234375 0.7958984375 0.587890625 1 0.5927734375 0.9990234375 0.501953125 0.8056640625 0.50390625 0.796875 0.5107421875 0.791015625 0.5615234375
0 0.7744140625 0.50390625 0.7119140625 0.501953125 0.7060546875 0.48828125 0.7001953125 0.498046875 0.6767578125 0.490234375 0.6298828125 0.494140625 0.615234375 0.6923828125 0.6884765625 0.6796875 0.7373046875 0.68359375 0.765625 0.6943359375 0.7734375 0.6767578125 0.783203125 0.5849609375 0.783203125 0.5107421875 0.7744140625 0.50390625
0 0.5107421875 0.484375 0.5 0.5185546875 0.490234375 0.6787109375 0.5556640625 0.701171875 0.6015625 0.7041015625 0.609375 0.6904296875 0.62109375 0.5029296875 0.5869140625 0.4921875 0.5107421875 0.484375
0 0.4599609375 0.484375 0.4091796875 0.48046875 0.3974609375 0.484375 0.390625 0.4990234375 0.37109375 0.6669921875 0.3955078125 0.677734375 0.447265625 0.6806640625 0.4677734375 0.677734375 0.478515625 0.6650390625 0.5 0.4970703125 0.4599609375 0.484375
0 1 0.1025390625 0.8974609375 0.099609375 0.8349609375 0.08984375 0.8154296875 0.080078125 0.8125 0.1669921875 0.8193359375 0.1484375 0.822265625 0.1611328125 0.796875 0.3623046875 0.80078125 0.3955078125 0.8115234375 0.40625 0.8330078125 0.41015625 0.984375 0.4111328125 1 0.4091796875 1 0.1025390625
0 0.814453125 0.0615234375 0.8310546875 0.0859375 0.9189453125 0.099609375 0.982421875 0.1005859375 1 0.0966796875 0.9990234375 0 0.8046875 0.0009765625 0.814453125 0.0615234375
0 1 0.0009765625 0.9208984375 0 0.919921875 0.0888671875 0.994140625 0.0966796875 1 0.0947265625 1 0.0009765625
0 0.4296875 0.2236328125 0.408203125 0.3330078125 0.404296875 0.3857421875 0.4248046875 0.39453125 0.505859375 0.3994140625 0.517578125 0.3642578125 0.53125 0.2373046875 0.4384765625 0.2109375 0.4296875 0.2236328125
0 0.5634765625 0.236328125 0.5419921875 0.23046875 0.53125 0.2548828125 0.517578125 0.3955078125 0.5419921875 0.404296875 0.6015625 0.4052734375 0.626953125 0.3974609375 0.634765625 0.3115234375 0.6142578125 0.279296875 0.5634765625 0.236328125
0 0.787109375 0.3134765625 0.7333984375 0.30078125 0.6494140625 0.294921875 0.640625 0.3037109375 0.630859375 0.4013671875 0.6376953125 0.408203125 0.73828125 0.4091796875 0.7744140625 0.40234375 0.7890625 0.3916015625 0.783203125 0.3779296875 0.787109375 0.3134765625
0 0.7900390625 0.0625 0.7294921875 0.0625 0.720703125 0.0712890625 0.697265625 0.2900390625 0.7197265625 0.298828125 0.77734375 0.3037109375 0.783203125 0.2998046875 0.794921875 0.2060546875 0.794921875 0.0712890625 0.7900390625 0.0625
0 0.5732421875 0.05078125 0.564453125 0.0986328125 0.564453125 0.2216796875 0.6494140625 0.28515625 0.68359375 0.2900390625 0.697265625 0.2822265625 0.71875 0.0771484375 0.7060546875 0.0625 0.5732421875 0.05078125
0 0.4365234375 0.029296875 0.42578125 0.0498046875 0.419921875 0.1025390625 0.423828125 0.1826171875 0.4521484375 0.2109375 0.5234375 0.2236328125 0.5546875 0.2158203125 0.560546875 0.0556640625 0.5419921875 0.041015625 0.4365234375 0.029296875
0 0.4697265625 0.02734375 0.556640625 0.0361328125 0.5615234375 0 0.43359375 0.0009765625 0.4326171875 0.033203125 0.4697265625 0.02734375
0 0.56640625 0.0322265625 0.5830078125 0.041015625 0.7353515625 0.05859375 0.783203125 0.0576171875 0.791015625 0.0458984375 0.7822265625 0 0.56640625 0.0009765625 0.56640625 0.0322265625
0 0.0009765625 0 0 0.1767578125 0.083984375 0.1943359375 0.11328125 0.1494140625 0.123046875 0.0146484375 0.0419921875 0 0.0009765625 0
0 0.08984375 0.2607421875 0.0927734375 0.205078125 0 0.1845703125 0.0009765625 0.255859375 0.08984375 0.2607421875
0 0.0859375 0.3525390625 0.09375 0.2666015625 0.0009765625 0.259765625 0 0.3505859375 0.0859375 0.3525390625
0 0.0009765625 0.46484375 0 0.5693359375 0.0478515625 0.576171875 0.076171875 0.5888671875 0.09375 0.5654296875 0.09375 0.5166015625 0.10546875 0.4716796875 0.0009765625 0.46484375
0 0.3623046875 0.9375 0.3427734375 0.9296875 0.3212890625 0.896484375 0.3046875 0.9072265625 0.23046875 0.9970703125 0.615234375 0.9990234375 0.6083984375 0.982421875 0.5771484375 0.984375 0.4892578125 0.970703125 0.3623046875 0.9375