0 0.3544921875 0.134765625 0.2880859375 0.130859375 0.2705078125 0.146484375 0.25390625 0.1103515625 0.2158203125 0.08984375 0.0380859375 0.0859375 0.01953125 0.1103515625 0.021484375 0.2783203125 0.0439453125 0.30078125 0.109375 0.2998046875 0.3837890625 0.279296875 0.37890625 0.2041015625 0.361328125 0.1416015625 0.3544921875 0.134765625
0 0.71875 0.2021484375 0.740234375 0.1884765625 0.740234375 0.1787109375 0.716796875 0.0556640625 0.705078125 0.0283203125 0.708984375 0.0205078125 0.6904296875 0.013671875 0.6806640625 0 0.6259765625 0.00390625 0.5380859375 0.033203125 0.5205078125 0.02734375 0.5126953125 0.0078125 0.4970703125 0.029296875 0.4794921875 0.03515625 0.4560546875 0.029296875 0.4501953125 0.01953125 0.4111328125 0.01953125 0.4033203125 0.0546875 0.3466796875 0.06640625 0.349609375 0.0986328125 0.384765625 0.1923828125 0.388671875 0.2255859375 0.400390625 0.2490234375 0.4140625 0.2509765625 0.40234375 0.2568359375 0.4208984375 0.259765625 0.421875 0.2509765625 0.4306640625 0.25 0.4345703125 0.259765625 0.453125 0.2587890625 0.5615234375 0.240234375 0.6162109375 0.22265625 0.7119140625 0.216796875 0.71875 0.2021484375
0 1 0.0009765625 0.7216796875 0 0.72265625 0.0595703125 0.748046875 0.1923828125 0.7666015625 0.212890625 0.77734375 0.2119140625 0.7939453125 0.19921875 0.8642578125 0.177734375 0.9111328125 0.150390625 0.9404296875 0.14453125 0.9912109375 0.11328125 1 0.1044921875 1 0.0009765625
0 1 0.4677734375 0.994140625 0.4599609375 0.994140625 0.3837890625 0.990234375 0.3681640625 0.96875 0.3466796875 0.982421875 0.3076171875 0.970703125 0.2001953125 0.9560546875 0.1484375 0.9150390625 0.15234375 0.8603515625 0.19140625 0.8486328125 0.19140625 0.8466796875 0.19921875 0.8388671875 0.193359375 0.7958984375 0.23046875 0.78515625 0.2314453125 0.826171875 0.5439453125 0.8369140625 0.5546875 0.873046875 0.5537109375 0.9736328125 0.548828125 0.9921875 0.5361328125 0.9921875 0.4853515625 1 0.4677734375
0 0.98046875 0.5634765625 0.9697265625 0.556640625 0.8408203125 0.560546875 0.7177734375 0.576171875 0.7109375 0.6689453125 0.71484375 0.7548828125 0.72265625 0.7724609375 0.9033203125 0.720703125 0.9482421875 0.701171875 0.9921875 0.6611328125 0.98046875 0.5634765625
0 0.7734375 0.7724609375 0.7734375 0.7939453125 0.822265625 0.9970703125 0.89453125 0.9990234375 0.841796875 0.7548828125 0.8251953125 0.75 0.7822265625 0.765625 0.7734375 0.7724609375
0 0.775390625 0.8427734375 0.76953125 0.7724609375 0.7529296875 0.7734375 0.7314453125 0.787109375 0.7158203125 0.78515625 0.705078125 0.8193359375 0.734375 0.9990234375 0.8203125 0.9990234375 0.79296875 0.8974609375 0.7890625 0.8544921875 0.7822265625 0.841796875 0.775390625 0.8427734375
0 0.8955078125 0.728515625 0.8486328125 0.748046875 0.84375 0.7548828125 0.849609375 0.7861328125 0.88671875 0.9228515625 0.8984375 0.9951171875 0.998046875 0.9990234375 0.978515625 0.9404296875 0.96484375 0.8525390625 0.92578125 0.7255859375 0.8955078125 0.728515625
0 1 0.7158203125 0.9775390625 0.720703125 0.9599609375 0.7109375 0.9384765625 0.7109375 0.927734375 0.7236328125 0.9296875 0.7373046875 0.966796875 0.8505859375 0.984375 0.9482421875 1 0.9853515625 1 0.7158203125
0 0.5556640625 0.822265625 0.4658203125 0.849609375 0.330078125 0.8623046875 0.3525390625 0.998046875 0.3564453125 0.9921875 0.3603515625 1 0.73046875 0.9990234375 0.6943359375 0.79296875 0.6318359375 0.8046875 0.6083984375 0.8203125 0.5556640625 0.822265625
0 0.2099609375 0.85546875 0.224609375 0.9990234375 0.33203125 0.9990234375 0.322265625 0.8623046875 0.2802734375 0.85546875 0.2412109375 0.8671875 0.2099609375 0.85546875
0 0.076171875 0.8720703125 0.103515625 0.9990234375 0.216796875 0.9990234375 0.21484375 0.9345703125 0.19921875 0.8544921875 0.0791015625 0.85546875 0.076171875 0.8720703125
0 0.0576171875 0.85546875 0.0205078125 0.84765625 0.0009765625 0.830078125 0 0.9990234375 0.095703125 0.9990234375 0.078125 0.9091796875 0.06640625 0.8876953125 0.0703125 0.8662109375 0.0576171875 0.85546875
0 0.0966796875 0.5 0.0244140625 0.50390625 0.017578125 0.8056640625 0.0341796875 0.833984375 0.0859375 0.8486328125 0.1162109375 0.84765625 0.126953125 0.8388671875 0.1171875 0.5107421875 0.0966796875 0.5
0 0.2255859375 0.48828125 0.1416015625 0.494140625 0.123046875 0.5068359375 0.130859375 0.8349609375 0.1416015625 0.84375 0.1953125 0.8447265625 0.2197265625 0.84375 0.244140625 0.8251953125 0.234375 0.5302734375 0.2255859375 0.48828125
0 0.416015625 0.4794921875 0.408203125 0.4365234375 0.3974609375 0.423828125 0.3037109375 0.439453125 0.298828125 0.4541015625 0.30859375 0.4794921875 0.2958984375 0.4921875 0.2763671875 0.484375 0.236328125 0.4912109375 0.248046875 0.8251953125 0.2705078125 0.84765625 0.3046875 0.8466796875 0.4365234375 0.83984375 0.45703125 0.8134765625 0.455078125 0.7568359375 0.416015625 0.4794921875
0 0.69140625 0.7744140625 0.67578125 0.6181640625 0.650390625 0.5107421875 0.630859375 0.3759765625 0.6201171875 0.35546875 0.5634765625 0.36328125 0.5458984375 0.37890625 0.5107421875 0.376953125 0.4736328125 0.388671875 0.4130859375 0.392578125 0.408203125 0.3994140625 0.46484375 0.8037109375 0.4853515625 0.828125 0.49609375 0.8291015625 0.5771484375 0.814453125 0.6083984375 0.796875 0.6630859375 0.79296875 0.69140625 0.7744140625
0 0.6455078125 0.224609375 0.6142578125 0.23046875 0.60546875 0.2509765625 0.625 0.3193359375 0.66015625 0.5322265625 0.671875 0.5712890625 0.685546875 0.5732421875 0.7041015625 0.572265625 0.71484375 0.5634765625 0.712890625 0.2275390625 0.6455078125 0.224609375
0 0.787109375 0.2587890625 0.7626953125 0.23828125 0.7197265625 0.2265625 0.71484375 0.5400390625 0.7216796875 0.560546875 0.744140625 0.5595703125 0.8203125 0.5498046875 0.81640625 0.4560546875 0.79296875 0.3349609375 0.787109375 0.2587890625
0 0.6220703125 0.345703125 0.6171875 0.2900390625 0.59765625 0.2412109375 0.5419921875 0.24609375 0.4052734375 0.27734375 0.3984375 0.2939453125 0.41015625 0.3857421875 0.423828125 0.3876953125 0.5126953125 0.37109375 0.5322265625 0.345703125 0.5615234375 0.359375 0.6220703125 0.345703125
0 0.40234375 0.3955078125 0.392578125 0.2919921875 0.3447265625 0.287109375 0.0361328125 0.310546875 0.025390625 0.3447265625 0.029296875 0.4619140625 0.0234375 0.4970703125 0.0546875 0.5009765625 0.2607421875 0.48046875 0.3076171875 0.43359375 0.3916015625 0.421875 0.40234375 0.3955078125
0 0.119140625 0.0009765625 0.1240234375 0.083984375 0.2216796875 0.0859375 0.2294921875 0.068359375 0.2587890625 0.0625 0.267578125 0.0712890625 0.2802734375 0.1171875 0.330078125 0.1240234375 0.33984375 0.0908203125 0.33203125 0.0576171875 0.3330078125 0 0.119140625 0.0009765625
0 0.0009765625 0 0 0.0712890625 0.01953125 0.0712890625 0.1005859375 0.0546875 0.107421875 0.0458984375 0.111328125 0.0009765625 0.0009765625 0