0 0.3984375 0.1943359375 0.396484375 0.1630859375 0.41015625 0.1455078125 0.408203125 0.0986328125 0.423828125 0.0615234375 0.421875 0.0244140625 0.412109375 0.0029296875 0.1123046875 0 0.111328125 0.2392578125 0.1181640625 0.24609375 0.1826171875 0.24609375 0.2041015625 0.232421875 0.2197265625 0.232421875 0.2392578125 0.24609375 0.2685546875 0.240234375 0.314453125 0.2451171875 0.3876953125 0.244140625 0.41015625 0.2353515625 0.412109375 0.2080078125 0.3984375 0.1943359375
0 0 0.2529296875 0.0234375 0.2529296875 0.0986328125 0.25 0.10546875 0.2373046875 0.107421875 0.0341796875 0.0986328125 0.01171875 0 0.0146484375 0 0.2529296875
0 0.0009765625 0.013671875 0.0625 0.0126953125 0.0966796875 0.01171875 0.10546875 0.0009765625 0 0.0009765625 0.0009765625 0.013671875
0 0.0009765625 0.255859375 0 0.6552734375 0.0712890625 0.69921875 0.107421875 0.7080078125 0.115234375 0.6318359375 0.107421875 0.2646484375 0.0986328125 0.251953125 0.0009765625 0.255859375
0 0.31640625 0.5830078125 0.296875 0.4052734375 0.1357421875 0.3984375 0.125 0.4052734375 0.12890625 0.5908203125 0.12109375 0.7080078125 0.1357421875 0.71875 0.279296875 0.7197265625 0.30859375 0.7138671875 0.310546875 0.6845703125 0.318359375 0.6728515625 0.31640625 0.5830078125
0 0.2451171875 0.265625 0.2001953125 0.275390625 0.1845703125 0.2578125 0.1669921875 0.251953125 0.115234375 0.2568359375 0.1220703125 0.396484375 0.2890625 0.4013671875 0.296875 0.3974609375 0.296875 0.3740234375 0.2880859375 0.28125 0.2451171875 0.265625
0 0.423828125 0.5087890625 0.41796875 0.4345703125 0.3828125 0.4072265625 0.38671875 0.3818359375 0.40625 0.3623046875 0.392578125 0.3330078125 0.392578125 0.2880859375 0.3779296875 0.267578125 0.3349609375 0.267578125 0.3017578125 0.271484375 0.291015625 0.2861328125 0.322265625 0.6708984375 0.33203125 0.6904296875 0.33203125 0.7724609375 0.357421875 0.7763671875 0.4521484375 0.765625 0.44140625 0.7353515625 0.458984375 0.7099609375 0.423828125 0.5087890625
0 0.140625 0.7255859375 0.2158203125 0.775390625 0.30078125 0.7822265625 0.31640625 0.7783203125 0.314453125 0.7490234375 0.3017578125 0.720703125 0.140625 0.7255859375
0 0.1474609375 0.9453125 0.1669921875 0.9453125 0.173828125 0.9521484375 0.169921875 0.9677734375 0.1787109375 0.974609375 0.2802734375 0.96875 0.3134765625 0.962890625 0.31640625 0.9560546875 0.236328125 0.8564453125 0.2021484375 0.828125 0.1923828125 0.83984375 0.0009765625 0.8671875 0 0.9833984375 0.021484375 0.9873046875 0.1396484375 0.9765625 0.14453125 0.9736328125 0.13671875 0.9521484375 0.1474609375 0.9453125
0 0.353515625 0.9990234375 0.3193359375 0.96484375 0.0283203125 0.990234375 0.013671875 0.9990234375 0.353515625 0.9990234375
0 0.4931640625 0.919921875 0.5234375 0.9052734375 0.5078125 0.8037109375 0.4716796875 0.787109375 0.4169921875 0.796875 0.3681640625 0.8203125 0.361328125 0.9462890625 0.392578125 0.9990234375 0.544921875 0.9990234375 0.533203125 0.9560546875 0.4990234375 0.943359375 0.490234375 0.9326171875 0.4931640625 0.919921875
0 0.2451171875 0.810546875 0.2421875 0.8173828125 0.296875 0.8896484375 0.353515625 0.9521484375 0.361328125 0.9287109375 0.35546875 0.7978515625 0.3388671875 0.791015625 0.2451171875 0.810546875
0 0.6875 0.8564453125 0.68359375 0.8662109375 0.7216796875 1 0.841796875 0.9990234375 0.8125 0.8857421875 0.7939453125 0.845703125 0.7119140625 0.845703125 0.6875 0.8564453125
0 0.8486328125 1 1 0.9990234375 0.9990234375 0.826171875 0.8544921875 0.8125 0.806640625 0.8486328125 0.8486328125 1
0 1 0.4384765625 0.9267578125 0.4375 0.9228515625 0.4453125 0.9091796875 0.4375 0.9013671875 0.44921875 0.875 0.4560546875 0.859375 0.4794921875 0.859375 0.4970703125 0.84765625 0.5185546875 0.8515625 0.6318359375 0.84375 0.6962890625 0.849609375 0.7138671875 0.837890625 0.7353515625 0.8359375 0.7900390625 0.8505859375 0.802734375 0.8798828125 0.798828125 0.8955078125 0.810546875 0.9921875 0.8173828125 1 0.8154296875 1 0.4384765625
0 0.8359375 0.6884765625 0.830078125 0.6279296875 0.83984375 0.6162109375 0.841796875 0.5849609375 0.841796875 0.5068359375 0.83203125 0.4794921875 0.833984375 0.4638671875 0.8515625 0.4443359375 0.849609375 0.3974609375 0.8310546875 0.390625 0.7763671875 0.390625 0.7666015625 0.353515625 0.6787109375 0.35546875 0.66796875 0.3662109375 0.650390625 0.7548828125 0.7275390625 0.779296875 0.830078125 0.7861328125 0.833984375 0.7314453125 0.822265625 0.7197265625 0.822265625 0.7021484375 0.8359375 0.6884765625
0 0.7802734375 0.384765625 0.849609375 0.3916015625 0.8486328125 0.353515625 0.8017578125 0.349609375 0.7734375 0.3564453125 0.7802734375 0.384765625
0 0.8955078125 0.3515625 0.853515625 0.3564453125 0.853515625 0.4462890625 0.876953125 0.4482421875 0.8935546875 0.4453125 0.900390625 0.4345703125 0.90234375 0.3759765625 0.8955078125 0.3515625
0 1 0.3447265625 0.9033203125 0.3515625 0.904296875 0.4091796875 0.9248046875 0.412109375 0.9326171875 0.4375 0.962890625 0.4384765625 0.9736328125 0.421875 1 0.4169921875 1 0.3447265625
0 0.8447265625 0.083984375 0.8046875 0.0908203125 0.814453125 0.1318359375 0.7978515625 0.1328125 0.791015625 0.1533203125 0.796875 0.3330078125 0.8134765625 0.341796875 0.853515625 0.3408203125 0.9619140625 0.33984375 1 0.3310546875 0.9990234375 0.083984375 0.8447265625 0.083984375
0 0.78515625 0.1982421875 0.771484375 0.1630859375 0.6787109375 0.17578125 0.6201171875 0.171875 0.5927734375 0.18359375 0.5576171875 0.185546875 0.5107421875 0.2421875 0.4228515625 0.2578125 0.41015625 0.2841796875 0.41015625 0.2919921875 0.43359375 0.3115234375 0.419921875 0.3310546875 0.421875 0.3603515625 0.462890625 0.3876953125 0.6416015625 0.359375 0.6728515625 0.34375 0.7822265625 0.33984375 0.78515625 0.1982421875
0 0.5908203125 0.3671875 0.4697265625 0.390625 0.4580078125 0.39453125 0.42578125 0.4345703125 0.427734375 0.4833984375 0.4443359375 0.509765625 0.646484375 0.5126953125 0.654296875 0.4287109375 0.654296875 0.3798828125 0.6474609375 0.365234375 0.5908203125 0.3671875
0 0.6044921875 0.513671875 0.4482421875 0.515625 0.44140625 0.5302734375 0.451171875 0.6455078125 0.4609375 0.6982421875 0.482421875 0.7529296875 0.5087890625 0.76171875 0.587890625 0.7626953125 0.6259765625 0.7578125 0.63671875 0.7431640625 0.6484375 0.5205078125 0.6044921875 0.513671875
0 0.8515625 0.0732421875 0.927734375 0.0791015625 1 0.0751953125 0.9990234375 0 0.85546875 0.0009765625 0.8515625 0.0732421875
0 0.5810546875 0.06640625 0.6337890625 0.076171875 0.7333984375 0.0625 0.7744140625 0.076171875 0.845703125 0.0771484375 0.8505859375 0 0.568359375 0.0009765625 0.5703125 0.0537109375 0.5810546875 0.06640625
0 0.439453125 0.0263671875 0.435546875 0.0693359375 0.4560546875 0.08203125 0.5029296875 0.080078125 0.513671875 0.0869140625 0.5703125 0.0673828125 0.568359375 0.0009765625 0.4580078125 0 0.439453125 0.0263671875
0 0.6787109375 0.171875 0.6923828125 0.142578125 0.7333984375 0.142578125 0.7412109375 0.150390625 0.7724609375 0.140625 0.7734375 0.1259765625 0.78515625 0.1240234375 0.783203125 0.1083984375 0.7490234375 0.1015625 0.7392578125 0.091796875 0.6611328125 0.109375 0.6376953125 0.109375 0.6279296875 0.09765625 0.5830078125 0.10546875 0.5634765625 0.1015625 0.5517578125 0.109375 0.5263671875 0.107421875 0.5126953125 0.09765625 0.4931640625 0.1015625 0.4482421875 0.12890625 0.4375 0.1474609375 0.443359375 0.1650390625 0.44140625 0.2392578125 0.490234375 0.2412109375 0.5087890625 0.23828125 0.5498046875 0.18359375 0.6201171875 0.16796875 0.6787109375 0.171875
0 0.0009765625 0.701171875 0 0.8466796875 0.009765625 0.8466796875 0.1552734375 0.8203125 0.173828125 0.8017578125 0.0947265625 0.744140625 0.0009765625 0.701171875
0 0.6103515625 0.7734375 0.5185546875 0.783203125 0.51171875 0.8056640625 0.544921875 0.9990234375 0.69921875 0.9990234375 0.6484375 0.8095703125 0.6240234375 0.806640625 0.623046875 0.7802734375 0.6103515625 0.7734375