0 0.9306640625 0.044921875 0.7685546875 0 0.587890625 0.0048828125 0.546875 0.1357421875 0.5537109375 0.158203125 0.5966796875 0.15625 0.6142578125 0.166015625 0.7744140625 0.189453125 0.8466796875 0.2109375 0.8828125 0.2138671875 0.89453125 0.2001953125 0.9140625 0.1337890625 0.935546875 0.0537109375 0.9306640625 0.044921875
0 0.8857421875 0.21875 0.6591796875 0.173828125 0.607421875 0.1748046875 0.591796875 0.2080078125 0.583984375 0.2490234375 0.580078125 0.3095703125 0.5869140625 0.31640625 0.85546875 0.3271484375 0.875 0.3134765625 0.880859375 0.2978515625 0.890625 0.2451171875 0.8857421875 0.21875
0 0.57421875 0.1904296875 0.5615234375 0.1796875 0.4892578125 0.16015625 0.4150390625 0.1484375 0.392578125 0.2060546875 0.361328125 0.2490234375 0.3515625 0.2841796875 0.3935546875 0.294921875 0.5234375 0.2958984375 0.5615234375 0.294921875 0.572265625 0.2802734375 0.580078125 0.2353515625 0.57421875 0.1904296875
0 0.3701171875 0.125 0.3232421875 0.11328125 0.306640625 0.1240234375 0.25 0.2314453125 0.240234375 0.2646484375 0.2470703125 0.27734375 0.2724609375 0.287109375 0.31640625 0.2900390625 0.341796875 0.2861328125 0.400390625 0.1533203125 0.3994140625 0.142578125 0.3701171875 0.125
0 0.4814453125 0.150390625 0.53125 0.1552734375 0.578125 0.0009765625 0.3798828125 0 0.349609375 0.1044921875 0.4814453125 0.150390625
0 0.2265625 0.0146484375 0.2431640625 0.03125 0.3095703125 0.0859375 0.333984375 0.0966796875 0.34375 0.0830078125 0.3642578125 0 0.224609375 0.0009765625 0.2265625 0.0146484375
0 0.1103515625 0 0.05078125 0.1064453125 0.041015625 0.1494140625 0.2158203125 0.244140625 0.234375 0.2451171875 0.306640625 0.1064453125 0.3046875 0.0908203125 0.2373046875 0.037109375 0.2060546875 0 0.1103515625 0
0 0.0830078125 0.1796875 0.0478515625 0.169921875 0.03125 0.1806640625 0.0078125 0.2197265625 0 0.2490234375 0.0048828125 0.279296875 0.1484375 0.2880859375 0.2138671875 0.283203125 0.220703125 0.2568359375 0.1845703125 0.2265625 0.0830078125 0.1796875
0 0.9013671875 0.2265625 0.8828125 0.3056640625 0.888671875 0.3173828125 0.9541015625 0.31640625 0.9990234375 0.306640625 1 0.2392578125 0.9013671875 0.2265625
0 1 0.0654296875 0.9521484375 0.048828125 0.94140625 0.0615234375 0.8984375 0.2158203125 0.9033203125 0.22265625 1 0.2353515625 1 0.0654296875
0 0.9013671875 0.4140625 0.845703125 0.4716796875 0.845703125 0.4833984375 0.8740234375 0.5 0.9638671875 0.51171875 0.9775390625 0.5234375 0.98828125 0.5224609375 1 0.5126953125 0.9990234375 0.416015625 0.9521484375 0.41015625 0.9013671875 0.4140625
0 0.9716796875 0.515625 0.8896484375 0.505859375 0.8447265625 0.48828125 0.830078125 0.4970703125 0.802734375 0.5439453125 0.775390625 0.6142578125 0.7900390625 0.640625 0.861328125 0.6474609375 0.8759765625 0.64453125 0.943359375 0.5732421875 0.97265625 0.5283203125 0.9716796875 0.515625
0 0.8095703125 0.666015625 0.7431640625 0.66796875 0.72265625 0.6865234375 0.71875 0.7001953125 0.716796875 0.8701171875 0.8984375 0.8779296875 0.943359375 0.8115234375 0.970703125 0.7294921875 0.8798828125 0.68359375 0.8095703125 0.666015625
0 0.7685546875 1 0.896484375 0.9990234375 0.8955078125 0.8828125 0.8408203125 0.876953125 0.7734375 0.8818359375 0.7685546875 1
0 0.712890625 0.8876953125 0.70703125 0.9990234375 0.759765625 0.9990234375 0.76953125 0.8916015625 0.7587890625 0.87890625 0.7197265625 0.876953125 0.712890625 0.8876953125
0 0.6513671875 0.669921875 0.5283203125 0.69921875 0.4677734375 0.703125 0.478515625 0.7705078125 0.478515625 0.8623046875 0.462890625 0.9619140625 0.447265625 0.9990234375 0.681640625 0.9990234375 0.693359375 0.7255859375 0.6875 0.6806640625 0.6767578125 0.671875 0.6513671875 0.669921875
0 0.4765625 0.7880859375 0.458984375 0.7060546875 0.4521484375 0.697265625 0.4345703125 0.6953125 0.3193359375 0.6953125 0.32421875 0.8232421875 0.30859375 0.9912109375 0.3623046875 1 0.4296875 0.9990234375 0.4453125 0.9892578125 0.45703125 0.9619140625 0.474609375 0.8544921875 0.4765625 0.7880859375
0 0.3076171875 0.697265625 0.2744140625 0.701171875 0.248046875 0.7138671875 0.244140625 0.7763671875 0.228515625 0.7919921875 0.2265625 0.8212890625 0.22265625 0.9814453125 0.2412109375 0.99609375 0.2890625 0.9970703125 0.302734375 0.9912109375 0.31640625 0.8369140625 0.318359375 0.7763671875 0.3076171875 0.697265625
0 0.005859375 0.8017578125 0.009765625 0.9970703125 0.212890625 0.9990234375 0.224609375 0.7294921875 0.1513671875 0.7421875 0.0126953125 0.79296875 0.005859375 0.8017578125
0 0 0.7509765625 0.0078125 0.7529296875 0.2890625 0.6630859375 0.2890625 0.6416015625 0.2783203125 0.630859375 0.2138671875 0.59375 0.1923828125 0.58984375 0.185546875 0.5791015625 0.26171875 0.4169921875 0.2529296875 0.40234375 0.1728515625 0.39453125 0 0.3974609375 0 0.7509765625
0 0.37109375 0.3955078125 0.3642578125 0.392578125 0.2880859375 0.390625 0.2734375 0.3974609375 0.197265625 0.5673828125 0.2119140625 0.5859375 0.29296875 0.6298828125 0.306640625 0.6123046875 0.34375 0.4970703125 0.375 0.4287109375 0.37109375 0.3955078125
0 0.4619140625 0.392578125 0.4091796875 0.392578125 0.390625 0.3994140625 0.36328125 0.4755859375 0.3642578125 0.517578125 0.5390625 0.5224609375 0.556640625 0.4423828125 0.556640625 0.4169921875 0.5439453125 0.400390625 0.4619140625 0.392578125
0 0.3525390625 0.529296875 0.314453125 0.6279296875 0.314453125 0.6611328125 0.3310546875 0.669921875 0.46875 0.6767578125 0.5087890625 0.67578125 0.525390625 0.6650390625 0.53515625 0.5322265625 0.3525390625 0.529296875
0 0.568359375 0.4169921875 0.5693359375 0.49609375 0.791015625 0.5068359375 0.84765625 0.4306640625 0.8505859375 0.416015625 0.6005859375 0.40234375 0.568359375 0.4169921875
0 0.546875 0.5947265625 0.546875 0.6396484375 0.556640625 0.6455078125 0.654296875 0.6142578125 0.6455078125 0.50390625 0.56640625 0.5029296875 0.546875 0.5947265625
0 0.7607421875 0.50390625 0.6552734375 0.50390625 0.654296875 0.6025390625 0.6611328125 0.615234375 0.6796875 0.6142578125 0.7490234375 0.607421875 0.767578125 0.5771484375 0.791015625 0.5107421875 0.7607421875 0.50390625
0 1 0.6923828125 0.9990234375 0.51953125 0.888671875 0.6376953125 0.88671875 0.6474609375 1 0.6923828125
0 0.9990234375 0.771484375 0.951171875 0.8857421875 1 0.9033203125 0.9990234375 0.771484375
0 0.0400390625 0.048828125 0.072265625 0.0498046875 0.0986328125 0 0 0.0009765625 0.0009765625 0.03515625 0.0400390625 0.048828125