0 0.3935546875 0.419921875 0.3994140625 0.408203125 0.4599609375 0.41796875 0.5205078125 0.412109375 0.5390625 0.4033203125 0.5390625 0.2841796875 0.5234375 0.2138671875 0.533203125 0.1826171875 0.5263671875 0.173828125 0.4638671875 0.16796875 0.2685546875 0.185546875 0.244140625 0.1943359375 0.228515625 0.2236328125 0.23828125 0.4052734375 0.2841796875 0.404296875 0.3271484375 0.4140625 0.3544921875 0.41015625 0.365234375 0.4208984375 0.3681640625 0.41015625 0.3779296875 0.41796875 0.3876953125 0.41015625 0.3935546875 0.419921875
0 0.5322265625 0.412109375 0.4501953125 0.423828125 0.2392578125 0.431640625 0.232421875 0.4423828125 0.234375 0.5263671875 0.2451171875 0.5390625 0.283203125 0.5380859375 0.5400390625 0.525390625 0.552734375 0.4931640625 0.54296875 0.4169921875 0.5322265625 0.412109375
0 0.423828125 0.6337890625 0.42578125 0.6494140625 0.4384765625 0.654296875 0.5556640625 0.638671875 0.57421875 0.6181640625 0.560546875 0.5537109375 0.5263671875 0.525390625 0.2431640625 0.541015625 0.236328125 0.5537109375 0.236328125 0.6572265625 0.2470703125 0.671875 0.2578125 0.6728515625 0.4013671875 0.658203125 0.40234375 0.6416015625 0.4150390625 0.62890625 0.423828125 0.6337890625
0 0.5048828125 0.96875 0.5908203125 0.955078125 0.595703125 0.9111328125 0.578125 0.8037109375 0.578125 0.7021484375 0.564453125 0.6455078125 0.2978515625 0.669921875 0.2470703125 0.6796875 0.2138671875 0.69921875 0.1728515625 0.69921875 0.17578125 0.8603515625 0.19140625 0.9404296875 0.19140625 0.9794921875 0.201171875 0.9990234375 0.208984375 0.9990234375 0.2197265625 0.98828125 0.4013671875 0.978515625 0.4228515625 0.970703125 0.5048828125 0.96875
0 0.89453125 0.9287109375 0.884765625 0.9658203125 0.8701171875 0.982421875 0.859375 0.9833984375 0.86328125 0.9970703125 0.9990234375 0.982421875 1 0.8955078125 0.9111328125 0.90625 0.89453125 0.9287109375
0 0.853515625 0.0009765625 0.580078125 0.0009765625 0.58203125 0.0439453125 0.5908203125 0.052734375 0.6298828125 0.064453125 0.6611328125 0.08984375 0.693359375 0.0888671875 0.7802734375 0.083984375 0.8447265625 0.068359375 0.853515625 0.0458984375 0.853515625 0.0009765625
0 0.3720703125 0 0.21875 0.0009765625 0.228515625 0.1767578125 0.26953125 0.1826171875 0.3701171875 0.17578125 0.3828125 0.1689453125 0.380859375 0.0537109375 0.3720703125 0
0 0.521484375 0.0537109375 0.5166015625 0 0.41796875 0.0009765625 0.427734375 0.1591796875 0.451171875 0.1630859375 0.5126953125 0.15625 0.52734375 0.1474609375 0.53515625 0.0966796875 0.521484375 0.0537109375
0 0.384765625 0.1513671875 0.39453125 0.1669921875 0.427734375 0.1611328125 0.4169921875 0 0.376953125 0.0009765625 0.384765625 0.1513671875
0 0 0.3583984375 0.09765625 0.3720703125 0.1962890625 0.357421875 0.2109375 0.3427734375 0.2060546875 0 0 0.0009765625 0 0.3583984375
0 0.1572265625 0.681640625 0.1806640625 0.6484375 0.23046875 0.6435546875 0.2265625 0.4892578125 0.2119140625 0.38671875 0.1865234375 0.404296875 0.1044921875 0.400390625 0.0908203125 0.41015625 0.017578125 0.4091796875 0.046875 0.6865234375 0.0517578125 0.693359375 0.0703125 0.6943359375 0.0908203125 0.69140625 0.0986328125 0.673828125 0.1142578125 0.685546875 0.1572265625 0.681640625
0 0.0029296875 0.40234375 0.001953125 0.7041015625 0.044921875 0.6884765625 0.0234375 0.4638671875 0.013671875 0.4169921875 0.0029296875 0.40234375
0 0.0537109375 0.701171875 0.041015625 0.7080078125 0.05078125 0.8564453125 0.0556640625 0.86328125 0.083984375 0.8623046875 0.171875 0.8505859375 0.16796875 0.7041015625 0.1591796875 0.6953125 0.0537109375 0.701171875
0 0.0458984375 1 0.1875 0.9990234375 0.1708984375 0.857421875 0.0634765625 0.8671875 0.03515625 0.8798828125 0.0458984375 1
0 0 0.9990234375 0.0390625 0.9990234375 0.03125 0.8857421875 0.0224609375 0.873046875 0.0009765625 0.873046875 0 0.9990234375
0 0.0009765625 0.7109375 0 0.8037109375 0.005859375 0.8037109375 0.02734375 0.7958984375 0.02734375 0.7783203125 0.021484375 0.7255859375 0.0009765625 0.7109375
0 0.8330078125 0.3671875 0.7880859375 0.373046875 0.6357421875 0.40234375 0.6142578125 0.4140625 0.5908203125 0.40234375 0.59375 0.4482421875 0.607421875 0.4638671875 0.609375 0.4853515625 0.6328125 0.4873046875 0.8447265625 0.474609375 0.859375 0.4560546875 0.869140625 0.3720703125 0.8330078125 0.3671875
0 0.6276035156249999 1 0.620421875 0.9557285156249999 0.20382421874999998 0.993923828125 0.207296875 1 0.6276035156249999 1