0 0.2421875 0.0009765625 0.0400390625 0 0.025390625 0.0478515625 0.025390625 0.1865234375 0.0810546875 0.189453125 0.0947265625 0.1796875 0.1181640625 0.19140625 0.212890625 0.1904296875 0.2294921875 0.189453125 0.234375 0.1767578125 0.24609375 0.0400390625 0.2421875 0.0009765625
0 0.21875 0.2255859375 0.2109375 0.2001953125 0.1376953125 0.19140625 0.1357421875 0.18359375 0.1279296875 0.193359375 0.1083984375 0.193359375 0.0947265625 0.203125 0.0263671875 0.19921875 0.021484375 0.2783203125 0.02734375 0.3681640625 0.0380859375 0.375 0.0673828125 0.3671875 0.0927734375 0.373046875 0.1376953125 0.35546875 0.1474609375 0.376953125 0.16796875 0.3779296875 0.2197265625 0.375 0.228515625 0.3662109375 0.23046875 0.2373046875 0.21875 0.2255859375
0 0.1220703125 0.6640625 0.1025390625 0.6640625 0 0.6982421875 0.001953125 0.8232421875 0.0361328125 0.8203125 0.138671875 0.7783203125 0.1328125 0.7001953125 0.1220703125 0.6640625
0 0 0.9697265625 0.01171875 0.9716796875 0.0751953125 0.951171875 0.1318359375 0.951171875 0.1396484375 0.939453125 0.1787109375 0.923828125 0.2333984375 0.912109375 0.248046875 0.8974609375 0.248046875 0.8681640625 0.2041015625 0.80859375 0.1884765625 0.806640625 0.1630859375 0.78515625 0.091796875 0.8017578125 0.1162109375 0.8046875 0.1142578125 0.810546875 0.0830078125 0.806640625 0.0537109375 0.8125 0.0341796875 0.828125 0 0.8369140625 0 0.9697265625
0 0.1298828125 0.962890625 0.0927734375 0.96484375 0.0595703125 0.974609375 0.0322265625 0.994140625 0.0078125 0.9970703125 0.20703125 0.9990234375 0.212890625 0.9619140625 0.2080078125 0.9453125 0.1513671875 0.947265625 0.1298828125 0.962890625
0 0.2451171875 0.92578125 0.2265625 0.9384765625 0.22265625 0.9501953125 0.2197265625 1 0.408203125 0.9990234375 0.4052734375 0.890625 0.3369140625 0.89453125 0.3017578125 0.9140625 0.2451171875 0.92578125
0 0.478515625 0.8759765625 0.4912109375 1 0.625 0.9990234375 0.595703125 0.8974609375 0.5693359375 0.85546875 0.5205078125 0.859375 0.478515625 0.8759765625
0 0.4287109375 0.8671875 0.412109375 0.8935546875 0.408203125 0.9990234375 0.482421875 0.9990234375 0.482421875 0.9443359375 0.46484375 0.8740234375 0.4560546875 0.8671875 0.4287109375 0.8671875
0 1 0.8662109375 0.9912109375 0.861328125 0.9755859375 0.865234375 0.9658203125 0.85546875 0.8994140625 0.849609375 0.8662109375 0.869140625 0.7724609375 0.884765625 0.7568359375 0.921875 0.6611328125 0.9296875 0.65234375 0.9404296875 0.6572265625 1 0.93359375 0.9990234375 0.9384765625 0.98828125 0.9580078125 0.98046875 1 0.9736328125 0.994140625 0.9716796875 1 0.9677734375 1 0.8662109375
0 0.861328125 0.7275390625 0.8759765625 0.837890625 0.9091796875 0.8359375 0.9140625 0.8115234375 0.9267578125 0.810546875 0.935546875 0.8154296875 0.9375 0.8369140625 0.9521484375 0.83984375 0.955078125 0.8134765625 0.9697265625 0.806640625 0.986328125 0.8212890625 0.986328125 0.8369140625 1 0.8408203125 0.9951171875 0.6015625 0.8798828125 0.646484375 0.865234375 0.6767578125 0.861328125 0.7275390625
0 0.83984375 0.7255859375 0.8251953125 0.71484375 0.8056640625 0.71484375 0.6982421875 0.734375 0.6435546875 0.75390625 0.6064453125 0.75390625 0.599609375 0.7802734375 0.609375 0.8310546875 0.619140625 0.8564453125 0.642578125 0.8779296875 0.6611328125 0.869140625 0.8525390625 0.8515625 0.853515625 0.7978515625 0.83984375 0.7255859375
0 0.642578125 0.8837890625 0.64453125 0.9169921875 0.6533203125 0.92578125 0.6796875 0.9248046875 0.7568359375 0.91796875 0.755859375 0.8662109375 0.6494140625 0.873046875 0.642578125 0.8837890625
0 0.986328125 0.4306640625 0.98858203125 0.40264453125 0.974609375 0.3857421875 0.97355859375 0.36358203125 0.9541015625 0.375 0.9435097656250001 0.3756015625 0.9326171875 0.376953125 0.9044472656250001 0.38311328125 0.8759765625 0.3984375 0.8653847656250001 0.3951328125 0.857421875 0.4072265625 0.84765625 0.4072265625 0.869140625 0.4990234375 0.8779296875 0.5078125 0.9052734375 0.505859375 0.93359375 0.5166015625 0.9521484375 0.51171875 0.9765625 0.4892578125 0.986328125 0.4560546875 0.986328125 0.4306640625
0 0.8515625 0.3994140625 0.8369140625 0.396484375 0.8193359375 0.400390625 0.81640625 0.4169921875 0.8359375 0.4912109375 0.84375 0.4970703125 0.8486328125 0.486328125 0.86328125 0.4814453125 0.86328125 0.4736328125 0.8515625 0.3994140625
0 0.58744140625 0.728298828125 0.9519648437500001 0.5859375 0.9379335937500001 0.50824609375 0.788796875 0.5651035156249999 0.578763671875 0.6588535156249999 0.58744140625 0.728298828125
0 0.7998046875 0.537109375 0.8134765625 0.5390625 0.82421875 0.5244140625 0.7900390625 0.41015625 0.7216796875 0.4296875 0.7041015625 0.44921875 0.6875 0.4541015625 0.681640625 0.4931640625 0.69921875 0.5830078125 0.7109375 0.5849609375 0.7373046875 0.57421875 0.7548828125 0.556640625 0.7744140625 0.5546875 0.7998046875 0.537109375
0 0.693359375 0.5810546875 0.6748046875 0.482421875 0.5888671875 0.501953125 0.548828125 0.5244140625 0.572265625 0.6123046875 0.5791015625 0.623046875 0.591796875 0.6220703125 0.6357421875 0.609375 0.6513671875 0.58984375 0.6748046875 0.59375 0.693359375 0.5810546875
0 0.599609375 0.0048828125 0.609375 0.1982421875 0.6357421875 0.21875 0.654296875 0.2177734375 0.7158203125 0.21484375 0.744140625 0.2001953125 0.7373046875 0 0.599609375 0.0048828125
0 0.8720703125 0 0.73828125 0.0048828125 0.748046875 0.1943359375 0.7529296875 0.203125 0.80078125 0.2041015625 0.8251953125 0.193359375 0.8525390625 0.1953125 0.876953125 0.1865234375 0.8720703125 0
0 0.904296875 0.1611328125 0.9150390625 0.169921875 0.9384765625 0.158203125 0.9736328125 0.16015625 0.99609375 0.1708984375 1 0.0009765625 0.8916015625 0 0.892578125 0.1044921875 0.904296875 0.1611328125
0 0.9169921875 0.3828125 0.9267578125 0.3671875 0.9638671875 0.35546875 0.96875 0.3447265625 0.955078125 0.2900390625 0.9365234375 0.287109375 0.8818359375 0.302734375 0.8037109375 0.333984375 0.796875 0.3427734375 0.80078125 0.3798828125 0.8173828125 0.3984375 0.826171875 0.3974609375 0.8701171875 0.3828125 0.8916015625 0.388671875 0.9033203125 0.376953125 0.9169921875 0.3828125
0 0.7900390625 0.408203125 0.79296875 0.3837890625 0.77734375 0.3486328125 0.7548828125 0.333984375 0.6806640625 0.349609375 0.6767578125 0.359375 0.6552734375 0.369140625 0.6220703125 0.361328125 0.6005859375 0.373046875 0.5927734375 0.359375 0.5791015625 0.35546875 0.5615234375 0.361328125 0.5517578125 0.376953125 0.5029296875 0.376953125 0.49609375 0.4033203125 0.509765625 0.4208984375 0.521484375 0.4619140625 0.5341796875 0.470703125 0.55078125 0.4697265625 0.6728515625 0.44140625 0.7001953125 0.4453125 0.7119140625 0.431640625 0.7900390625 0.408203125
0 0.6416015625 0.359375 0.6552734375 0.359375 0.6708984375 0.34375 0.6904296875 0.34765625 0.7783203125 0.298828125 0.8017578125 0.326171875 0.8134765625 0.326171875 0.9619140625 0.2734375 0.9990234375 0.267578125 1 0.2255859375 0.9560546875 0.212890625 0.8486328125 0.205078125 0.5986328125 0.24609375 0.5498046875 0.267578125 0.53125 0.2861328125 0.52734375 0.3076171875 0.517578125 0.3173828125 0.513671875 0.3583984375 0.537109375 0.3642578125 0.5673828125 0.353515625 0.6240234375 0.359375 0.6318359375 0.34375 0.6416015625 0.359375
0 0.6015625 0.1943359375 0.5966796875 0.029296875 0.5732421875 0.025390625 0.5126953125 0.033203125 0.478515625 0.0478515625 0.478515625 0.2373046875 0.484375 0.2470703125 0.5791015625 0.22265625 0.587890625 0.2138671875 0.587890625 0.2001953125 0.6015625 0.1943359375
0 0.3994140625 0.296875 0.4072265625 0.27734375 0.4287109375 0.271484375 0.44921875 0.2548828125 0.45703125 0.0419921875 0.4482421875 0.025390625 0.3330078125 0.033203125 0.25390625 0.0283203125 0.240234375 0.3310546875 0.2470703125 0.34375 0.2890625 0.3505859375 0.3037109375 0.345703125 0.3154296875 0.328125 0.3369140625 0.328125 0.3994140625 0.296875
0 0.482421875 0.4150390625 0.470703125 0.3212890625 0.4482421875 0.296875 0.3779296875 0.32421875 0.3369140625 0.34765625 0.3271484375 0.361328125 0.3154296875 0.357421875 0.2861328125 0.3671875 0.26953125 0.3916015625 0.2734375 0.4150390625 0.287109375 0.4345703125 0.28515625 0.4521484375 0.296875 0.4892578125 0.310546875 0.5068359375 0.3125 0.5400390625 0.330078125 0.5908203125 0.34375 0.6142578125 0.353515625 0.6162109375 0.4892578125 0.578125 0.5087890625 0.5703125 0.51953125 0.5537109375 0.482421875 0.4150390625
0 0.330078125 0.7021484375 0.314453125 0.6689453125 0.306640625 0.6142578125 0.3125 0.5751953125 0.28515625 0.5107421875 0.265625 0.4384765625 0.265625 0.3935546875 0.2509765625 0.3828125 0.1884765625 0.427734375 0.1728515625 0.427734375 0.1142578125 0.453125 0.109375 0.4677734375 0.11328125 0.5009765625 0.138671875 0.5478515625 0.193359375 0.7607421875 0.2060546875 0.775390625 0.228515625 0.7744140625 0.3095703125 0.75 0.34375 0.7255859375 0.341796875 0.7099609375 0.330078125 0.7021484375
0 0.3828125 0.8212890625 0.365234375 0.7412109375 0.3544921875 0.73046875 0.2568359375 0.7734375 0.2548828125 0.79296875 0.2431640625 0.79296875 0.2421875 0.7783203125 0.2294921875 0.77734375 0.2138671875 0.78515625 0.203125 0.8017578125 0.2392578125 0.86328125 0.2685546875 0.861328125 0.2763671875 0.853515625 0.3095703125 0.884765625 0.3134765625 0.87890625 0.326171875 0.8837890625 0.357421875 0.8681640625 0.361328125 0.8486328125 0.376953125 0.8369140625 0.3828125 0.8212890625
0 0.4912109375 0.828125 0.5263671875 0.837890625 0.5478515625 0.822265625 0.5537109375 0.833984375 0.55859375 0.8271484375 0.5390625 0.7294921875 0.5244140625 0.703125 0.5087890625 0.703125 0.4912109375 0.716796875 0.4599609375 0.712890625 0.4501953125 0.74609375 0.4306640625 0.740234375 0.390625 0.7607421875 0.40234375 0.8232421875 0.4208984375 0.84375 0.439453125 0.8427734375 0.4462890625 0.833984375 0.4638671875 0.8359375 0.4775390625 0.814453125 0.4912109375 0.828125
0 0.083984375 0.4404296875 0.0947265625 0.431640625 0.1103515625 0.44140625 0.1650390625 0.4140625 0.166015625 0.3798828125 0.0205078125 0.3828125 0.021484375 0.4677734375 0.03125 0.4736328125 0.0400390625 0.4609375 0.0517578125 0.470703125 0.0791015625 0.458984375 0.083984375 0.4404296875
0 0 0.6884765625 0.005859375 0.6884765625 0.0986328125 0.662109375 0.130859375 0.6435546875 0.126953125 0.5908203125 0.111328125 0.5244140625 0.1015625 0.5107421875 0.10546875 0.4892578125 0.0908203125 0.470703125 0 0.5244140625 0 0.6884765625
0 0.4931640625 0.70703125 0.5087890625 0.69140625 0.525390625 0.6884765625 0.54296875 0.6572265625 0.533203125 0.6181640625 0.5107421875 0.578125 0.34765625 0.6240234375 0.36328125 0.6962890625 0.3740234375 0.7109375 0.39453125 0.7138671875 0.4404296875 0.69921875 0.4833984375 0.705078125 0.4873046875 0.6953125 0.4931640625 0.70703125