0 0.1005859375 0.142578125 0.31640625 0.1630859375 0.333984375 0.1416015625 0.3583984375 0.00390625 0.140625 0.0009765625 0.1005859375 0.142578125
0 0.091796875 0.1572265625 0.064453125 0.2275390625 0.0703125 0.2509765625 0.0546875 0.2685546875 0.0517578125 0.296875 0.28125 0.3271484375 0.30859375 0.2158203125 0.3076171875 0.177734375 0.1005859375 0.15234375 0.091796875 0.1572265625
0 0 0.4365234375 0.00390625 0.5361328125 0.1396484375 0.552734375 0.1572265625 0.55078125 0.1689453125 0.5234375 0.1923828125 0.51953125 0.2119140625 0.5390625 0.2421875 0.5517578125 0.283203125 0.3505859375 0.27734375 0.3427734375 0.0458984375 0.30859375 0 0.4365234375
0 0.02734375 0.6435546875 0.025390625 0.7998046875 0.23046875 0.8037109375 0.23828125 0.5947265625 0.1123046875 0.5703125 0.0361328125 0.568359375 0.02734375 0.6435546875
0 0.015625 0.8779296875 0.017578125 0.9541015625 0.0673828125 0.970703125 0.140625 0.9697265625 0.234375 0.9658203125 0.234375 0.8173828125 0.0263671875 0.8125 0.015625 0.8779296875
0 0.2578125 0.5927734375 0.251953125 0.6513671875 0.2548828125 0.7734375 0.568359375 0.7900390625 0.59765625 0.7705078125 0.603515625 0.6787109375 0.5986328125 0.623046875 0.2578125 0.5927734375
0 0.568359375 0.8154296875 0.5654296875 0.798828125 0.251953125 0.7783203125 0.248046875 0.9423828125 0.2548828125 0.966796875 0.3251953125 0.970703125 0.3427734375 0.990234375 0.4052734375 1 0.58984375 0.9990234375 0.5859375 0.9306640625 0.595703125 0.9189453125 0.59765625 0.8544921875 0.568359375 0.8154296875
0 1 0.9833984375 0.9990234375 0.974609375 0.982421875 0.9736328125 1 0.9697265625 0.9990234375 0.83984375 0.6650390625 0.8046875 0.640625 0.8095703125 0.62890625 0.8486328125 0.623046875 0.9794921875 0.6279296875 1 0.98828125 0.9990234375 0.9814453125 0.98828125 0.9716796875 0.994140625 0.96875 0.9873046875 1 0.9833984375
0 0.65234375 0.5947265625 0.626953125 0.6552734375 0.625 0.7841796875 0.6318359375 0.794921875 0.896484375 0.8193359375 0.9140625 0.6708984375 0.9130859375 0.6171875 0.7138671875 0.591796875 0.65234375 0.5947265625
0 1 0.6220703125 0.9306640625 0.62109375 0.921875 0.6455078125 0.908203125 0.8173828125 0.9169921875 0.826171875 1 0.8369140625 1 0.6220703125
0 0.8896484375 0.189453125 0.8720703125 0.1953125 0.8603515625 0.18359375 0.7900390625 0.1796875 0.779296875 0.1904296875 0.767578125 0.5654296875 0.7783203125 0.572265625 0.947265625 0.5888671875 0.955078125 0.5673828125 0.96875 0.2177734375 0.9404296875 0.197265625 0.8896484375 0.189453125
0 0.5966796875 0.16015625 0.5859375 0.1708984375 0.583984375 0.1943359375 0.6328125 0.3642578125 0.650390625 0.5517578125 0.6728515625 0.5625 0.7421875 0.5673828125 0.75390625 0.5576171875 0.76953125 0.1904296875 0.7548828125 0.1796875 0.5966796875 0.16015625
0 0.591796875 0.0947265625 0.58984375 0.1279296875 0.6162109375 0.140625 0.765625 0.1572265625 0.779296875 0.1533203125 0.80859375 0.0029296875 0.6181640625 0 0.591796875 0.0947265625
0 1 0.0009765625 0.8583984375 0 0.8828125 0.0869140625 0.875 0.1669921875 0.8876953125 0.17578125 0.982421875 0.1865234375 1 0.1689453125 1 0.0009765625
0 0.86328125 0.0126953125 0.8525390625 0.00390625 0.8212890625 0 0.787109375 0.1611328125 0.7939453125 0.169921875 0.861328125 0.1708984375 0.873046875 0.1572265625 0.880859375 0.0693359375 0.865234375 0.0419921875 0.86328125 0.0126953125
0 0.541015625 0.1826171875 0.576171875 0.0302734375 0.3740234375 0.005859375 0.34375 0.1630859375 0.541015625 0.1826171875
0 0.3505859375 0.1796875 0.32421875 0.1865234375 0.3037109375 0.330078125 0.525390625 0.3525390625 0.541015625 0.3134765625 0.546875 0.2705078125 0.55438671875 0.20432617187500002 0.3505859375 0.1796875
0 0.3017578125 0.349609375 0.265625 0.5146484375 0.2584140625 0.56941015625 0.2974765625 0.57391796875 0.3349609375 0.576171875 0.479267578125 0.596455078125 0.48527734375 0.579927734375 0.486328125 0.5673828125 0.529296875 0.3740234375 0.4462890625 0.359375 0.3017578125 0.349609375
0 0.587890625 0.3076171875 0.5654296875 0.275390625 0.494140625 0.5830078125 0.5029296875 0.58984375 0.5634765625 0.59375 0.5810546875 0.58203125 0.59765625 0.5986328125 0.611328125 0.5869140625 0.6171875 0.5634765625 0.61328125 0.3837890625 0.587890625 0.3076171875
0 0.966796875 0.5185546875 0.966796875 0.5478515625 0.97265625 0.5498046875 1 0.5478515625 0.9990234375 0.404296875 0.97265625 0.4111328125 0.966796875 0.5185546875
0 1 0.3994140625 0.9990234375 0.21875 0.9921875 0.2255859375 0.97265625 0.3955078125 1 0.3994140625
0 0.1201171875 0 0 0.0009765625 0.001953125 0.3955078125 0.0234375 0.3427734375 0.03515625 0.2705078125 0.05078125 0.2392578125 0.1201171875 0
0 0.32421875 0.9990234375 0.2353515625 0.97265625 0.07421875 0.9794921875 0.0751953125 1 0.32421875 0.9990234375