0 0.8349609375 0.462890625 0.814453125 0.4794921875 0.810546875 0.5771484375 0.884765625 0.5830078125 0.91015625 0.5771484375 0.912109375 0.4736328125 0.8935546875 0.462890625 0.8349609375 0.462890625
0 0.802734375 0.6923828125 0.857421875 0.6943359375 0.908203125 0.6884765625 0.9052734375 0.58984375 0.8125 0.5947265625 0.802734375 0.6923828125
0 0.80078125 0.5986328125 0.7841796875 0.583984375 0.7119140625 0.5859375 0.70703125 0.6474609375 0.716796875 0.6884765625 0.78125 0.6923828125 0.7890625 0.6884765625 0.78515625 0.6494140625 0.798828125 0.6396484375 0.80078125 0.5986328125
0 0.7333984375 0.462890625 0.716796875 0.4755859375 0.708984375 0.4931640625 0.69921875 0.5537109375 0.7255859375 0.576171875 0.78515625 0.5791015625 0.802734375 0.5634765625 0.802734375 0.4990234375 0.7744140625 0.4609375 0.7333984375 0.462890625
0 0.9140625 0.6318359375 0.921875 0.6396484375 1 0.6337890625 0.9951171875 0.46875 0.91796875 0.4697265625 0.9140625 0.6318359375
0 0.916015625 0.7236328125 0.962890625 0.7275390625 1 0.7197265625 0.9990234375 0.63671875 0.916015625 0.6455078125 0.916015625 0.7236328125
0 1 0.7236328125 0.9208984375 0.732421875 0.919921875 0.8798828125 0.9580078125 0.904296875 1 0.9072265625 1 0.7236328125
0 0.787109375 0.7763671875 0.828125 0.7802734375 0.83984375 0.7568359375 0.841796875 0.7041015625 0.7978515625 0.703125 0.787109375 0.7763671875
0 0.8525390625 0.69921875 0.84375 0.7060546875 0.83984375 0.7646484375 0.8564453125 0.787109375 0.8671875 0.7861328125 0.89453125 0.7783203125 0.908203125 0.7255859375 0.9033203125 0.69921875 0.8525390625 0.69921875
0 0.7734375 0.7060546875 0.7607421875 0.6953125 0.71484375 0.7021484375 0.71484375 0.7626953125 0.705078125 0.8037109375 0.70703125 0.9501953125 0.716796875 0.9560546875 0.7138671875 0.96875 0.70703125 0.9638671875 0.7158203125 0.98046875 0.7314453125 0.984375 0.732421875 0.9931640625 0.7421875 0.9970703125 0.759765625 0.9931640625 0.76953125 0.9482421875 0.767578125 0.7431640625 0.7734375 0.7060546875
0 0.712890625 0.7099609375 0.71484375 0.7861328125 0.751953125 0.7861328125 0.765625 0.7763671875 0.767578125 0.7021484375 0.7216796875 0.69921875 0.712890625 0.7099609375
0 0.7802734375 0.7890625 0.7734375 0.7958984375 0.76953125 0.8310546875 0.7734375 0.9794921875 0.826171875 0.9794921875 0.83203125 0.9599609375 0.830078125 0.7958984375 0.8251953125 0.7890625 0.7802734375 0.7890625
0 0.8603515625 0.275390625 0.8515625 0.2861328125 0.84375 0.3330078125 0.83984375 0.4365234375 0.8525390625 0.455078125 0.91015625 0.4580078125 0.91796875 0.4501953125 0.9296875 0.2861328125 0.9208984375 0.279296875 0.8603515625 0.275390625
0 0.9248046875 0.462890625 0.998046875 0.4658203125 0.9990234375 0.388671875 0.9638671875 0.384765625 0.92578125 0.3974609375 0.9248046875 0.462890625
0 1 0.2958984375 0.9365234375 0.294921875 0.9296875 0.3505859375 0.951171875 0.3642578125 0.9580078125 0.380859375 1 0.3837890625 1 0.2958984375
0 0.8662109375 0.0625 0.8505859375 0.0546875 0.7958984375 0.056640625 0.7890625 0.0771484375 0.7734375 0.0927734375 0.763671875 0.2001953125 0.7958984375 0.203125 0.8115234375 0.212890625 0.849609375 0.2509765625 0.8603515625 0.2734375 0.951171875 0.2744140625 0.95703125 0.2705078125 0.958984375 0.2314453125 0.9609375 0.0712890625 0.8662109375 0.0625
0 0.87109375 0.0283203125 0.8798828125 0.0390625 0.994140625 0.0380859375 1 0.0341796875 0.9990234375 0 0.87109375 0.0029296875 0.87109375 0.0283203125
0 1 0.0712890625 0.9794921875 0.0703125 0.966796875 0.0830078125 0.958984375 0.2705078125 0.9794921875 0.28515625 1 0.2880859375 1 0.0712890625
0 1 0.0732421875 0.9873046875 0.072265625 0.970703125 0.0869140625 0.970703125 0.1845703125 1 0.1865234375 1 0.0732421875
0 0.0703125 0.1982421875 0.0634765625 0.158203125 0 0.1611328125 0.001953125 0.3154296875 0.0107421875 0.302734375 0.0322265625 0.30078125 0.068359375 0.2666015625 0.0703125 0.1982421875
0 0.0029296875 0.0546875 0.068359375 0.0634765625 0.076171875 0.0478515625 0.0751953125 0 0 0.0009765625 0.0029296875 0.0546875
0 0.072265625 0.0107421875 0.0712890625 0 0.025390625 0.0009765625 0.0283203125 0.0078125 0.072265625 0.0107421875
0 0.0009765625 0.060546875 0 0.1220703125 0.01171875 0.1416015625 0.064453125 0.1455078125 0.076171875 0.1181640625 0.076171875 0.0712890625 0.0576171875 0.0625 0.0009765625 0.060546875
0 0.236328125 0.8154296875 0.2236328125 0.78515625 0.1904296875 0.779296875 0.177734375 0.7880859375 0.16796875 0.8173828125 0.162109375 0.8623046875 0.166015625 0.9345703125 0.1748046875 0.953125 0.212890625 0.9541015625 0.220703125 0.9404296875 0.20703125 0.9052734375 0.23046875 0.8896484375 0.236328125 0.8154296875
0 0.16796875 0.7783203125 0.1611328125 0.767578125 0.1357421875 0.765625 0.1142578125 0.75390625 0.0673828125 0.75 0.044921875 0.7841796875 0.037109375 0.8837890625 0.095703125 0.9033203125 0.1064453125 0.896484375 0.1337890625 0.8984375 0.150390625 0.8876953125 0.16796875 0.7783203125