0 0.166767578125 0.377103515625 0.306490234375 0.3275234375 0.33203125 0.157751953125 0.15324609375 0.15324609375 0.11267968749999999 0.2779453125 0.076623046875 0.401142578125 0.166767578125 0.377103515625
0 0.12469921875000001 0.12469921875000001 0.00300390625 0.10516796875000001 0 0.419169921875 0.06159765625 0.4146640625 0.12469921875000001 0.12469921875000001
0 0.12920703125 0.1171875 0.12019140625 0.0045078125 0 0.001501953125 0.0045078125 0.10216406250000001 0.12920703125 0.1171875
0 0.323017578125 0.006009765625 0.14423046875 0.00300390625 0.14423046875 0.14423046875 0.318509765625 0.147236328125 0.323017578125 0.006009765625
0 0.5078125 0.00300390625 0.33954296875 0 0.310998046875 0.150240234375 0.506310546875 0.17578125 0.5078125 0.00300390625
0 0.506310546875 0.184794921875 0.350060546875 0.166767578125 0.314001953125 0.32001171875 0.506310546875 0.24338867187500002 0.506310546875 0.184794921875
0 0.748197265625 0.001501953125 0.51532421875 0 0.51081640625 0.25090234375 0.75420703125 0.17277734375 0.748197265625 0.001501953125
0 0.76171875 0 0.755708984375 0.1802890625 0.99909765625 0.10216406250000001 1 0 0.76171875 0
0 0.15324609375 0.462740234375 0.037560546875 0.50030078125 0.0150234375 0.603966796875 0.11568554687499999 0.6295078125 0.15324609375 0.462740234375
0 0.2689296875 0.423677734375 0.16826953125 0.459736328125 0.12169531250000001 0.635517578125 0.21935156249999999 0.665564453125 0.2689296875 0.423677734375
0 0 0.763220703125 0.05108203125000001 0.78425390625 0.078125 0.626501953125 0 0.603966796875 0 0.763220703125
0 0.213341796875 0.670072265625 0.084134765625 0.6295078125 0.060095703125 0.76472265625 0.186298828125 0.80378515625 0.213341796875 0.670072265625
0 0.420673828125 0.71514453125 0.22686328125 0.670072265625 0.19230859375 0.79777734375 0.377103515625 0.8653847656250001 0.420673828125 0.71514453125
0 0.43269140625 0.57842578125 0.24639453125 0.5513828125 0.22536132812499998 0.6595546875 0.41766796875 0.7076328125 0.43269140625 0.57842578125
0 0.49579296875 0.7271640625 0.42668359375 0.71965234375 0.3861171875 0.8608769531249999 0.48527734375 0.9029453125 0.552884765625 0.7421875 0.49579296875 0.7271640625
0 0.67608203125 0.77373828125 0.560396484375 0.73467578125 0.49128515625 0.90594921875 0.567908203125 0.95703125 0.67608203125 0.77373828125
0 0.59795703125 0.536357421875 0.447716796875 0.53936328125 0.423677734375 0.71514453125 0.560396484375 0.73016796875 0.59795703125 0.536357421875
0 0.6400234375 0.29296875 0.458232421875 0.353064453125 0.443208984375 0.537861328125 0.599458984375 0.53485546875 0.6400234375 0.29296875
0 0.4537265625 0.35907421875 0.2734375 0.42217578125 0.24489257812499998 0.55438671875 0.438701171875 0.575419921875 0.4537265625 0.35907421875
0 0.68359375 0.760216796875 0.57391796875 0.9630410156250001 0.625 1 1 0.99308984375 0.99909765625 0.1607578125 0.86237890625 0.213341796875 0.8143027343749999 0.38762109375 0.748197265625 0.572416015625 0.68359375 0.760216796875
0 0.82331640625 0.357572265625 0.8533652343749999 0.247896484375 0.8488574218749999 0.216345703125 0.64453125 0.286958984375 0.6295078125 0.380107421875 0.799279296875 0.42668359375 0.82331640625 0.357572265625
0 0.69561328125 0.39813671875 0.62199609375 0.38311328125 0.599458984375 0.537861328125 0.68659765625 0.54387109375 0.74519140625 0.564904296875 0.80078125 0.43269140625 0.69561328125 0.39813671875
0 0.59795703125 0.53936328125 0.567908203125 0.73016796875 0.67608203125 0.7662265625 0.751201171875 0.56941015625 0.670072265625 0.54387109375 0.59795703125 0.53936328125
0 0.271935546875 0.99909765625 0.572416015625 0.99609375 0.43269140625 0.92548046875 0.30498828125 0.90144140625 0.08713867187499999 0.8683886718749999 0.06610546875 0.9164667968750001 0.045072265625 1 0.271935546875 0.99909765625
0 0.0435703125 0.99909765625 0.06911132812500001 0.859375 0.006009765625 0.8503613281250001 0.00300390625 0.8383417968750001 0 1 0.0435703125 0.99909765625
0 0 0.5927734375 0.0078125 0.5927734375 0.02734375 0.5146484375 0.0185546875 0.498046875 0 0.4990234375 0 0.5927734375
0 0.9970957031250001 1 0.9988320312500001 0.9505214843750001 0.8012148437500001 0.814236328125 0.688119140625 1 0.9970957031250001 1
0 0.686384765625 0.9956601562499999 0.7974765625 0.8151035156249999 0.697048828125 0.7469609375 0.5718203125 0.962673828125 0.625630859375 0.9973964843750001 0.686384765625 0.9956601562499999