0 0.44921875 0.2001953125 0.44921875 0.1845703125 0.4609375 0.1689453125 0.4560546875 0.076171875 0.4267578125 0.064453125 0.3232421875 0.056640625 0.1748046875 0.05859375 0.15625 0.0654296875 0.15234375 0.3017578125 0.1865234375 0.322265625 0.279296875 0.3212890625 0.3603515625 0.314453125 0.46875 0.2802734375 0.46484375 0.2138671875 0.44921875 0.2001953125
0 0.5419921875 0.31640625 0.5224609375 0.337890625 0.4873046875 0.337890625 0.4404296875 0.353515625 0.4111328125 0.337890625 0.1884765625 0.333984375 0.177734375 0.3544921875 0.154296875 0.3720703125 0.1484375 0.3896484375 0.146484375 0.4248046875 0.1728515625 0.4375 0.5234375 0.4560546875 0.5703125 0.4404296875 0.572265625 0.3369140625 0.5615234375 0.314453125 0.5419921875 0.31640625
0 0.2060546875 0.443359375 0.14453125 0.4521484375 0.130859375 0.5341796875 0.130859375 0.5654296875 0.1376953125 0.572265625 0.501953125 0.6005859375 0.578125 0.5947265625 0.580078125 0.4970703125 0.5654296875 0.4609375 0.2060546875 0.443359375
0 0 0.9189453125 0.0107421875 0.927734375 0.244140625 0.9443359375 0.25390625 0.9345703125 0.27734375 0.8583984375 0.33984375 0.6064453125 0.3349609375 0.599609375 0.2919921875 0.591796875 0.1376953125 0.580078125 0.09765625 0.6162109375 0 0.7822265625 0 0.9189453125
0 0.5859375 0.8955078125 0.595703125 0.8505859375 0.5859375 0.6181640625 0.5283203125 0.60546875 0.3505859375 0.599609375 0.341796875 0.6103515625 0.3203125 0.7236328125 0.2890625 0.8232421875 0.28125 0.8701171875 0.29296875 0.8857421875 0.283203125 0.9248046875 0.2890625 0.9404296875 0.3544921875 0.96484375 0.568359375 0.9677734375 0.5908203125 0.962890625 0.599609375 0.9443359375 0.595703125 0.9111328125 0.5859375 0.8955078125
0 0.94140625 0.7236328125 0.943359375 0.6923828125 0.93359375 0.6767578125 0.939453125 0.6494140625 0.8642578125 0.634765625 0.6025390625 0.607421875 0.59765625 0.6220703125 0.603515625 0.8564453125 0.611328125 0.8818359375 0.603515625 0.9248046875 0.609375 0.9521484375 0.7333984375 0.95703125 0.7626953125 0.939453125 0.7783203125 0.939453125 0.7939453125 0.958984375 0.845703125 0.9599609375 0.8740234375 0.939453125 0.8955078125 0.9453125 0.90234375 0.9306640625 0.94140625 0.7236328125
0 0.892578125 0.4462890625 0.900390625 0.4169921875 0.880859375 0.3994140625 0.8984375 0.3779296875 0.896484375 0.2841796875 0.88671875 0.2783203125 0.89453125 0.2685546875 0.8759765625 0.265625 0.875 0.2802734375 0.8662109375 0.287109375 0.8369140625 0.2890625 0.8349609375 0.294921875 0.8212890625 0.287109375 0.8095703125 0.294921875 0.7822265625 0.2890625 0.5869140625 0.306640625 0.58203125 0.3720703125 0.587890625 0.5908203125 0.6611328125 0.609375 0.890625 0.6298828125 0.896484375 0.5283203125 0.88671875 0.5107421875 0.896484375 0.4931640625 0.892578125 0.4462890625
0 0.7890625 0.2236328125 0.783203125 0.2080078125 0.79296875 0.1865234375 0.79296875 0.1162109375 0.7861328125 0.10546875 0.7509765625 0.119140625 0.7294921875 0.109375 0.5810546875 0.11328125 0.564453125 0.1259765625 0.55859375 0.1708984375 0.56640625 0.2783203125 0.6044921875 0.298828125 0.6328125 0.2978515625 0.7548828125 0.2890625 0.783203125 0.2744140625 0.779296875 0.2451171875 0.7890625 0.2236328125
0 0.8759765625 0.09375 0.9990234375 0.080078125 1 0.0146484375 0.8076171875 0 0.560546875 0.0048828125 0.564453125 0.0791015625 0.5830078125 0.103515625 0.67578125 0.1044921875 0.7392578125 0.087890625 0.7900390625 0.1015625 0.8232421875 0.091796875 0.8759765625 0.09375
0 0.53515625 0.0302734375 0.53515625 0.0009765625 0.1611328125 0 0.158203125 0.0107421875 0.1611328125 0.0546875 0.1689453125 0.046875 0.1728515625 0.0546875 0.2333984375 0.05078125 0.2421875 0.0458984375 0.2392578125 0.03125 0.279296875 0.0361328125 0.2705078125 0.04296875 0.2470703125 0.041015625 0.2509765625 0.048828125 0.3271484375 0.046875 0.326171875 0.0126953125 0.3408203125 0.0078125 0.3359375 0.0419921875 0.3505859375 0.052734375 0.439453125 0.0595703125 0.4541015625 0.044921875 0.4931640625 0.048828125 0.5244140625 0.041015625 0.53515625 0.0302734375
0 0.115234375 0.0888671875 0.125 0.0673828125 0.1025390625 0.07421875 0.083984375 0.0654296875 0.0791015625 0.046875 0.0517578125 0.056640625 0.0009765625 0.02734375 0 0.2353515625 0.0498046875 0.25 0.123046875 0.2509765625 0.1328125 0.2216796875 0.1328125 0.1767578125 0.12890625 0.1220703125 0.115234375 0.0888671875
0 0.130859375 0.3056640625 0.130859375 0.2685546875 0.1201171875 0.2578125 0.0673828125 0.2578125 0.0009765625 0.24609375 0 0.4814453125 0.0361328125 0.48828125 0.095703125 0.5146484375 0.10546875 0.4990234375 0.125 0.3798828125 0.1171875 0.3310546875 0.130859375 0.3056640625
0 0.0029296875 0.486328125 0.001953125 0.7509765625 0.07421875 0.6279296875 0.099609375 0.5341796875 0.0908203125 0.5234375 0.0029296875 0.486328125
0 1 0.6591796875 0.9931640625 0.65625 0.94921875 0.6611328125 0.94921875 0.6962890625 0.904296875 0.9306640625 0.9091796875 0.955078125 0.9435097656250001 0.9615390625 0.9609375 0.9580078125 1 0.9423828125 1 0.6591796875
0 0.8720703125 0.994140625 0.8525390625 0.955078125 0.8388671875 0.9609375 0.7939453125 0.958984375 0.7822265625 0.9765625 0.7685546875 0.98046875 0.7470703125 0.9609375 0.7158203125 0.95703125 0.6220703125 0.9609375 0.5732421875 0.974609375 0.4736328125 0.97265625 0.4599609375 0.98046875 0.2705078125 0.95703125 0.25 0.9677734375 0.234375 0.9951171875 1 0.9990234375 0.9697265625 0.962890625 0.9365234375 0.958984375 0.9033203125 0.9609375 0.8720703125 0.994140625
0 0.876953125 0.9951171875 1 0.9990234375 0.9677734375 0.962890625 0.9384765625 0.958984375 0.9052734375 0.9609375 0.876953125 0.9951171875
0 0 0.9326171875 0.0009765625 1 0.205078125 0.9990234375 0.193359375 0.9833984375 0.193359375 0.9580078125 0.1845703125 0.94921875 0 0.9326171875
0 1 0.2197265625 0.9384765625 0.212890625 0.90625 0.2568359375 0.90625 0.3662109375 0.919921875 0.3935546875 0.919921875 0.4091796875 0.908203125 0.4189453125 0.908203125 0.4970703125 0.916015625 0.5146484375 0.90625 0.5283203125 0.90625 0.6240234375 0.9130859375 0.634765625 1 0.6474609375 1 0.2197265625
0 1 0.2138671875 0.9990234375 0.08203125 0.8857421875 0.095703125 0.8115234375 0.095703125 0.794921875 0.1044921875 0.806640625 0.2080078125 0.8330078125 0.21875 0.8720703125 0.212890625 0.8828125 0.2216796875 0.876953125 0.2294921875 0.880859375 0.2451171875 0.900390625 0.2529296875 0.92578125 0.2255859375 0.9306640625 0.208984375 0.9658203125 0.205078125 1 0.2138671875