0 0.5869140625 0.29296875 0.6484375 0.2822265625 0.650390625 0.2412109375 0.5986328125 0.0234375 0.3955078125 0.06640625 0.3603515625 0.080078125 0.306640625 0.1201171875 0.3125 0.1591796875 0.375 0.3447265625 0.38671875 0.3505859375 0.4287109375 0.341796875 0.4482421875 0.330078125 0.5302734375 0.3203125 0.5869140625 0.29296875
0 0.7578125 0.0341796875 0.7412109375 0.005859375 0.6181640625 0.013671875 0.609375 0.0205078125 0.6484375 0.2294921875 0.662109375 0.2724609375 0.67578125 0.2763671875 0.7666015625 0.248046875 0.802734375 0.2197265625 0.759765625 0.0810546875 0.7578125 0.0341796875
0 0.7734375 0.0478515625 0.7890625 0.0771484375 0.783203125 0.0966796875 0.802734375 0.1689453125 0.8291015625 0.1953125 0.875 0.1962890625 1 0.1572265625 0.9990234375 0 0.771484375 0.0009765625 0.7734375 0.0478515625
0 0.9169921875 0.4609375 0.92578125 0.4521484375 0.93359375 0.4326171875 0.931640625 0.3798828125 0.9072265625 0.212890625 0.8662109375 0.220703125 0.8291015625 0.259765625 0.7919921875 0.25 0.7255859375 0.265625 0.6650390625 0.291015625 0.6298828125 0.294921875 0.595703125 0.3134765625 0.595703125 0.3662109375 0.619140625 0.5009765625 0.6318359375 0.52734375 0.6484375 0.5263671875 0.7744140625 0.501953125 0.8134765625 0.484375 0.8271484375 0.486328125 0.9169921875 0.4609375
0 0.9541015625 0.216796875 0.9228515625 0.2109375 0.9140625 0.2177734375 0.9375 0.4013671875 0.9443359375 0.41015625 0.958984375 0.4091796875 1 0.4052734375 0.9990234375 0.18359375 0.9677734375 0.1953125 0.9541015625 0.216796875
0 1 0.4111328125 0.9833984375 0.41015625 0.9443359375 0.41796875 0.94140625 0.4423828125 0.966796875 0.6279296875 0.9736328125 0.640625 0.994140625 0.6416015625 1 0.6396484375 1 0.4111328125
0 0.935546875 0.5439453125 0.947265625 0.5341796875 0.9453125 0.4970703125 0.939453125 0.4814453125 0.9189453125 0.466796875 0.8876953125 0.470703125 0.83203125 0.4990234375 0.84765625 0.5322265625 0.875 0.6689453125 0.966796875 0.6435546875 0.95703125 0.5771484375 0.93359375 0.5576171875 0.935546875 0.5439453125
0 0.84375 0.5615234375 0.841796875 0.5244140625 0.8330078125 0.513671875 0.8056640625 0.505859375 0.7470703125 0.51171875 0.6572265625 0.53515625 0.6328125 0.5517578125 0.630859375 0.5830078125 0.6484375 0.7041015625 0.6552734375 0.712890625 0.6796875 0.7138671875 0.7685546875 0.69921875 0.861328125 0.6689453125 0.861328125 0.6142578125 0.84375 0.5615234375
0 0.78125 0.8583984375 0.787109375 0.8037109375 0.77734375 0.7744140625 0.78515625 0.7568359375 0.783203125 0.7099609375 0.7666015625 0.703125 0.6826171875 0.720703125 0.6572265625 0.71875 0.65234375 0.7294921875 0.671875 0.8310546875 0.66796875 0.8642578125 0.68359375 0.8896484375 0.6796875 0.9970703125 0.775390625 0.9990234375 0.787109375 0.9794921875 0.77734375 0.9521484375 0.78515625 0.9345703125 0.78125 0.8583984375
0 0.7939453125 0.6953125 0.78515625 0.7060546875 0.79296875 0.8642578125 0.8046875 0.9482421875 0.8134765625 0.9609375 0.845703125 0.9638671875 0.875 0.9423828125 0.86328125 0.7236328125 0.8525390625 0.685546875 0.7939453125 0.6953125
0 0.91796875 0.6982421875 0.92578125 0.9169921875 0.9306640625 0.927734375 0.9375 0.9267578125 1 0.9111328125 0.9951171875 0.65234375 0.900390625 0.6767578125 0.91796875 0.6982421875
0 0.92548046875 0.8728964843749999 0.9239785156250001 0.82782421875 0.92548046875 0.80378515625 0.92548046875 0.78425390625 0.919921875 0.7607421875 0.91015625 0.6845703125 0.9033203125 0.6953125 0.896484375 0.6787109375 0.8876953125 0.67578125 0.859375 0.6845703125 0.875 0.9482421875 0.908203125 0.9716796875 0.919921875 0.9658203125 0.923828125 0.9384765625 0.921875 0.8955078125 0.92548046875 0.8728964843749999
0 0.2119140625 0.734375 0.0986328125 0.765625 0.08984375 0.7763671875 0.109375 0.9658203125 0.1181640625 0.984375 0.134765625 0.9853515625 0.314453125 0.9501953125 0.296875 0.8955078125 0.232421875 0.7548828125 0.2119140625 0.734375
0 0.2119140625 0.734375 0.0986328125 0.765625 0.08984375 0.7763671875 0.109375 0.9658203125 0.1181640625 0.984375 0.134765625 0.9853515625 0.314453125 0.9501953125 0.296875 0.8955078125 0.234375 0.7587890625 0.2119140625 0.734375
0 0.11328125 0.9951171875 0.337890625 0.9990234375 0.3359375 0.9814453125 0.3193359375 0.95703125 0.1220703125 0.98828125 0.11328125 0.9951171875
0 0.2412109375 0.70703125 0.234375 0.7529296875 0.349609375 0.9990234375 0.431640625 0.9990234375 0.3359375 0.6865234375 0.2939453125 0.685546875 0.2587890625 0.70703125 0.2412109375 0.70703125
0 0.4765625 0.7978515625 0.44140625 0.6259765625 0.4248046875 0.607421875 0.412109375 0.6142578125 0.3935546875 0.64453125 0.3486328125 0.662109375 0.3359375 0.6787109375 0.43359375 0.9990234375 0.513671875 0.9990234375 0.48828125 0.8701171875 0.478515625 0.8408203125 0.462890625 0.8232421875 0.4765625 0.7978515625
0 0.4453125 0.5947265625 0.443359375 0.6298828125 0.484375 0.8134765625 0.482421875 0.8447265625 0.513671875 0.9951171875 0.59375 0.9990234375 0.53125 0.5927734375 0.5185546875 0.572265625 0.4560546875 0.58203125 0.4453125 0.5947265625
0 0.662109375 0.8662109375 0.65234375 0.8349609375 0.6640625 0.8173828125 0.623046875 0.5576171875 0.6142578125 0.54296875 0.6044921875 0.541015625 0.5380859375 0.5625 0.52734375 0.5751953125 0.595703125 0.9990234375 0.6484375 0.9990234375 0.640625 0.9775390625 0.6484375 0.9267578125 0.640625 0.8837890625 0.662109375 0.8662109375
0 0 0.6181640625 0.005859375 0.6181640625 0.1396484375 0.595703125 0.2158203125 0.57421875 0.193359375 0.4658203125 0.1181640625 0.46484375 0.0830078125 0.484375 0.0341796875 0.486328125 0 0.5146484375 0 0.6181640625
0 0.1962890625 0.7265625 0.203125 0.7099609375 0.2255859375 0.69921875 0.240234375 0.6806640625 0.224609375 0.5869140625 0.2099609375 0.58203125 0.1865234375 0.591796875 0.0009765625 0.62109375 0 0.7802734375 0.01171875 0.7802734375 0.0595703125 0.76953125 0.1025390625 0.74609375 0.1416015625 0.74609375 0.1962890625 0.7265625
0 0 0.9970703125 0.107421875 0.9990234375 0.083984375 0.7822265625 0.0615234375 0.775390625 0.0068359375 0.7890625 0 0.7939453125 0 0.9970703125
0 0.3564453125 0.62890625 0.3896484375 0.623046875 0.396484375 0.6142578125 0.40625 0.5751953125 0.388671875 0.5126953125 0.37890625 0.4365234375 0.3662109375 0.40625 0.3388671875 0.404296875 0.3134765625 0.416015625 0.2548828125 0.419921875 0.2158203125 0.4609375 0.1953125 0.4619140625 0.208984375 0.5361328125 0.216796875 0.5634765625 0.23046875 0.5791015625 0.244140625 0.6728515625 0.25 0.6748046875 0.2646484375 0.66015625 0.3193359375 0.640625 0.3466796875 0.642578125 0.3564453125 0.62890625
0 0.55859375 0.5380859375 0.5546875 0.5458984375 0.5615234375 0.552734375 0.5791015625 0.5390625 0.611328125 0.5322265625 0.6171875 0.5166015625 0.5849609375 0.314453125 0.4755859375 0.33984375 0.4326171875 0.36328125 0.3916015625 0.373046875 0.373046875 0.4013671875 0.40234375 0.5537109375 0.4150390625 0.572265625 0.44140625 0.5849609375 0.5419921875 0.556640625 0.548828125 0.5517578125 0.5458984375 0.533203125 0.55859375 0.5380859375
0 0.3251953125 0.365234375 0.369140625 0.3583984375 0.33203125 0.2197265625 0.2958984375 0.12890625 0.2783203125 0.12890625 0.2041015625 0.169921875 0.111328125 0.1982421875 0.115234375 0.2783203125 0.1484375 0.4111328125 0.1884765625 0.388671875 0.2294921875 0.392578125 0.3115234375 0.357421875 0.3251953125 0.365234375
0 0.3505859375 0.0703125 0.359375 0.0595703125 0.3515625 0.0361328125 0.359375 0.0009765625 0.1376953125 0 0.138671875 0.0439453125 0.16015625 0.1533203125 0.169921875 0.1708984375 0.2724609375 0.125 0.2861328125 0.109375 0.3154296875 0.09765625 0.3505859375 0.0703125
0 0 0.2275390625 0.03515625 0.2275390625 0.09375 0.2119140625 0.068359375 0.1904296875 0.0830078125 0.16796875 0.1259765625 0.177734375 0.162109375 0.1708984375 0.1318359375 0.033203125 0 0.0673828125 0 0.2275390625
0 0 0.4619140625 0.03515625 0.4716796875 0.140625 0.4091796875 0.111328125 0.2783203125 0.109375 0.2353515625 0.0966796875 0.216796875 0 0.2314453125 0 0.4619140625
0 0.0009765625 0 0 0.0615234375 0.005859375 0.0615234375 0.1259765625 0.03125 0.1328125 0.0244140625 0.1328125 0.0048828125 0.0009765625 0
0 0.37803906249999997 0 0.41733203124999996 0.028646484374999996 0.57702734375 0 0.37803906249999997 0