0 0.00390625 0.1787109375 0.15234375 0.1337890625 0.1318359375 0 0 0.0009765625 0.00390625 0.1787109375
0 0.3642578125 0.05078125 0.3857421875 0.0546875 0.4326171875 0.0390625 0.4912109375 0.009765625 0.49609375 0.0009765625 0.1337890625 0 0.154296875 0.1259765625 0.1572265625 0.1328125 0.169921875 0.1318359375 0.3232421875 0.078125 0.3310546875 0.056640625 0.3564453125 0.060546875 0.3642578125 0.05078125
0 0.2998046875 0.095703125 0.2470703125 0.109375 0.177734375 0.1396484375 0.203125 0.3564453125 0.2216796875 0.37109375 0.240234375 0.3701171875 0.3251953125 0.365234375 0.33203125 0.3564453125 0.31640625 0.1865234375 0.2998046875 0.095703125
0 0 0.4501953125 0.0078125 0.4501953125 0.1611328125 0.40625 0.177734375 0.3955078125 0.177734375 0.3759765625 0.197265625 0.3544921875 0.197265625 0.3310546875 0.17578125 0.1513671875 0.1689453125 0.140625 0 0.1904296875 0 0.4501953125
0 0 0.7666015625 0.017578125 0.7744140625 0.0986328125 0.74609375 0.1015625 0.7177734375 0.115234375 0.7060546875 0.111328125 0.6416015625 0.0859375 0.5087890625 0.048828125 0.4775390625 0.0439453125 0.455078125 0 0.4697265625 0 0.7666015625
0 0.203125 0.4228515625 0.1884765625 0.412109375 0.0947265625 0.4375 0.099609375 0.4697265625 0.083984375 0.4931640625 0.125 0.7021484375 0.1689453125 0.703125 0.19140625 0.7138671875 0.228515625 0.6962890625 0.228515625 0.6435546875 0.20703125 0.4365234375 0.203125 0.4228515625
0 0.1103515625 0.716796875 0.107421875 0.7392578125 0.123046875 0.7509765625 0.125 0.8017578125 0.1875 0.9990234375 0.27734375 0.9990234375 0.193359375 0.7314453125 0.1669921875 0.70703125 0.1376953125 0.70703125 0.1103515625 0.716796875
0 0.017578125 0.7978515625 0.064453125 0.9970703125 0.18359375 0.9990234375 0.115234375 0.7626953125 0.1064453125 0.7578125 0.0224609375 0.78125 0.017578125 0.7978515625
0 0.056640625 0.9990234375 0.01953125 0.8388671875 0.0009765625 0.802734375 0 0.9990234375 0.056640625 0.9990234375
0 0.3349609375 0.68359375 0.2255859375 0.7109375 0.2060546875 0.72265625 0.19921875 0.7294921875 0.201171875 0.7490234375 0.28125 0.9990234375 0.43359375 0.9990234375 0.435546875 0.9638671875 0.42578125 0.9150390625 0.35546875 0.6943359375 0.3349609375 0.68359375
0 0.8271484375 0.69140625 0.8447265625 0.671875 0.8740234375 0.669921875 0.8916015625 0.658203125 0.8984375 0.6396484375 0.8828125 0.5966796875 0.880859375 0.5595703125 0.873046875 0.5556640625 0.8837890625 0.5546875 0.900390625 0.5302734375 0.900390625 0.5126953125 0.875 0.3994140625 0.8232421875 0.40234375 0.6962890625 0.4296875 0.5927734375 0.45703125 0.5732421875 0.46875 0.55859375 0.4970703125 0.5390625 0.6181640625 0.51171875 0.6357421875 0.505859375 0.6572265625 0.4833984375 0.673828125 0.4677734375 0.673828125 0.4404296875 0.65625 0.4189453125 0.65625 0.3779296875 0.669921875 0.361328125 0.6904296875 0.390625 0.7861328125 0.4013671875 0.796875 0.412109375 0.7958984375 0.6005859375 0.751953125 0.6201171875 0.73828125 0.7958984375 0.703125 0.8271484375 0.69140625
0 0.40234375 0.8056640625 0.43359375 0.9228515625 0.453125 0.9228515625 0.63671875 0.8798828125 0.63671875 0.8486328125 0.6142578125 0.751953125 0.40234375 0.8056640625
0 0.81640625 0.8232421875 0.8046875 0.7392578125 0.7900390625 0.7109375 0.623046875 0.7490234375 0.640625 0.8662109375 0.654296875 0.8720703125 0.7470703125 0.8515625 0.7587890625 0.83203125 0.7841796875 0.83984375 0.81640625 0.8232421875
0 0.6630859375 1 0.830078125 0.9990234375 0.814453125 0.8955078125 0.7958984375 0.84765625 0.6484375 0.8818359375 0.6630859375 1
0 0.66015625 0.9990234375 0.64453125 0.8876953125 0.5712890625 0.8984375 0.58203125 0.9990234375 0.66015625 0.9990234375
0 0.576171875 0.9990234375 0.5615234375 0.904296875 0.435546875 0.9306640625 0.4521484375 1 0.576171875 0.9990234375
0 0.8486328125 0.828125 0.810546875 0.8486328125 0.8369140625 1 1 0.9990234375 0.9970703125 0.787109375 0.9521484375 0.796875 0.9169921875 0.814453125 0.8486328125 0.828125
0 1 0.5146484375 0.9716796875 0.50390625 0.9384765625 0.509765625 0.927734375 0.5205078125 0.9453125 0.6298828125 0.923828125 0.6611328125 0.94140625 0.6982421875 0.935546875 0.7255859375 0.94140625 0.7744140625 0.9501953125 0.787109375 0.962890625 0.7880859375 1 0.7783203125 1 0.5146484375
0 0.939453125 0.6962890625 0.9169921875 0.6640625 0.8779296875 0.67578125 0.8505859375 0.673828125 0.8369140625 0.697265625 0.80078125 0.7138671875 0.818359375 0.8173828125 0.8291015625 0.828125 0.841796875 0.8271484375 0.9365234375 0.802734375 0.9453125 0.7939453125 0.931640625 0.7294921875 0.939453125 0.6962890625
0 1 0.4619140625 0.9990234375 0.240234375 0.9462890625 0.248046875 0.9326171875 0.267578125 0.9033203125 0.26953125 0.892578125 0.2802734375 0.904296875 0.3427734375 0.91015625 0.4541015625 0.92578125 0.4990234375 0.947265625 0.5048828125 0.966796875 0.4970703125 0.962890625 0.4833984375 0.9716796875 0.466796875 1 0.4619140625
0 0.94921875 0.2119140625 0.95703125 0.2373046875 0.974609375 0.2412109375 1 0.2353515625 0.9990234375 0.06640625 0.935546875 0.0849609375 0.94921875 0.2119140625
0 0.927734375 0.0595703125 0.9365234375 0.076171875 0.953125 0.0751953125 1 0.0634765625 0.9990234375 0 0.921875 0.0009765625 0.927734375 0.0595703125
0 0.5771484375 0 0.59375 0.0673828125 0.5859375 0.1083984375 0.59375 0.1884765625 0.59765625 0.2001953125 0.6142578125 0.2109375 0.63671875 0.2119140625 0.7412109375 0.203125 0.7841796875 0.189453125 0.8095703125 0.1953125 0.8779296875 0.19140625 0.8896484375 0.166015625 0.9208984375 0.17578125 0.921875 0.0830078125 0.91796875 0.0615234375 0.90234375 0.0419921875 0.908203125 0.0068359375 0.9013671875 0 0.5771484375 0
0 0.7392578125 0.21875 0.6337890625 0.220703125 0.611328125 0.2412109375 0.59375 0.2900390625 0.591796875 0.3486328125 0.572265625 0.4326171875 0.57421875 0.4541015625 0.587890625 0.4541015625 0.7470703125 0.416015625 0.7734375 0.4033203125 0.759765625 0.2587890625 0.7392578125 0.21875
0 0.873046875 0.3583984375 0.875 0.2998046875 0.859375 0.2060546875 0.8134765625 0.205078125 0.7880859375 0.19140625 0.7529296875 0.205078125 0.748046875 0.2236328125 0.763671875 0.2685546875 0.775390625 0.3857421875 0.7841796875 0.40234375 0.8046875 0.4013671875 0.87109375 0.3857421875 0.861328125 0.3603515625 0.8681640625 0.349609375 0.873046875 0.3583984375
0 0.9267578125 0.1953125 0.861328125 0.2041015625 0.865234375 0.2470703125 0.873046875 0.2626953125 0.88671875 0.2685546875 0.9111328125 0.26171875 0.9150390625 0.244140625 0.939453125 0.2392578125 0.9267578125 0.1953125
0 0.576171875 0.2275390625 0.576171875 0.2099609375 0.587890625 0.1904296875 0.57421875 0.1220703125 0.5654296875 0.115234375 0.5498046875 0.125 0.5380859375 0.15625 0.4248046875 0.17578125 0.41015625 0.1513671875 0.40625 0.0966796875 0.3951328125 0.0631015625 0.37409765625 0.06911132812500001 0.33203125 0.08864257812500001 0.30498828125 0.099158203125 0.3125 0.1455078125 0.3359375 0.3623046875 0.3486328125 0.369140625 0.4345703125 0.375 0.4541015625 0.361328125 0.4716796875 0.376953125 0.55078125 0.3798828125 0.564453125 0.3720703125 0.5703125 0.3564453125 0.587890625 0.2587890625 0.576171875 0.2275390625
0 0.5478515625 0.013671875 0.4658203125 0.03125 0.404296875 0.0556640625 0.412109375 0.1552734375 0.41796875 0.1708984375 0.4296875 0.1748046875 0.5390625 0.1533203125 0.54296875 0.1240234375 0.564453125 0.1064453125 0.5478515625 0.013671875
0 0.3037109375 0.375 0.2275390625 0.37890625 0.208984375 0.4189453125 0.22265625 0.5927734375 0.23828125 0.6708984375 0.234375 0.6884765625 0.2392578125 0.697265625 0.255859375 0.6962890625 0.3349609375 0.6796875 0.349609375 0.6572265625 0.31640625 0.3818359375 0.3037109375 0.375
0 0.4775390625 0.60546875 0.5068359375 0.62890625 0.53515625 0.6142578125 0.5546875 0.4892578125 0.544921875 0.4638671875 0.56640625 0.4423828125 0.5654296875 0.392578125 0.3203125 0.3798828125 0.318359375 0.4208984375 0.349609375 0.6494140625 0.3583984375 0.662109375 0.373046875 0.6650390625 0.4326171875 0.650390625 0.44140625 0.6181640625 0.4521484375 0.609375 0.4775390625 0.60546875