0 0.0810546875 0 0.078125 0.0107421875 0.091796875 0.0244140625 0.091796875 0.0478515625 0.056640625 0.0771484375 0.0390625 0.1650390625 0.19921875 0.1982421875 0.21484375 0.1611328125 0.234375 0.0126953125 0.1689453125 0 0.0810546875 0
0 0.0341796875 0.169921875 0.01953125 0.2021484375 0.00390625 0.2861328125 0 0.4619140625 0.0771484375 0.474609375 0.1484375 0.4755859375 0.166015625 0.4677734375 0.1953125 0.2060546875 0.1181640625 0.18359375 0.0341796875 0.169921875
0 0.2724609375 0.2109375 0.2041015625 0.205078125 0.171875 0.4755859375 0.1904296875 0.484375 0.2890625 0.4873046875 0.3662109375 0.4765625 0.380859375 0.4599609375 0.392578125 0.2353515625 0.2724609375 0.2109375
0 0.3388671875 0.033203125 0.2666015625 0.033203125 0.2568359375 0.046875 0.2451171875 0.046875 0.21875 0.1455078125 0.212890625 0.1962890625 0.380859375 0.2197265625 0.396484375 0.2080078125 0.404296875 0.0693359375 0.3642578125 0.037109375 0.3388671875 0.033203125
0 0.2626953125 0.03125 0.365234375 0.0361328125 0.3662109375 0 0.24609375 0.0009765625 0.244140625 0.0205078125 0.2626953125 0.03125
0 0.3525390625 0.490234375 0.2353515625 0.5 0.19921875 0.5322265625 0.185546875 0.6982421875 0.2080078125 0.736328125 0.267578125 0.7353515625 0.3291015625 0.732421875 0.33984375 0.7255859375 0.359375 0.5068359375 0.3525390625 0.490234375
0 0.1953125 0.5322265625 0.1796875 0.4990234375 0.1259765625 0.482421875 0.0009765625 0.47265625 0 0.5517578125 0.0439453125 0.556640625 0.060546875 0.5791015625 0.048828125 0.6884765625 0.056640625 0.7216796875 0.140625 0.7255859375 0.1552734375 0.703125 0.17578125 0.6962890625 0.181640625 0.6787109375 0.1953125 0.5322265625
0 0 0.6904296875 0.044921875 0.6962890625 0.056640625 0.5791015625 0.0400390625 0.560546875 0.0009765625 0.5546875 0 0.6904296875
0 0.162109375 0.8115234375 0.150390625 0.7919921875 0.15625 0.7783203125 0.150390625 0.7451171875 0.1416015625 0.732421875 0.0556640625 0.732421875 0.0380859375 0.74609375 0.0048828125 0.740234375 0 0.9248046875 0.0244140625 0.947265625 0.0498046875 0.951171875 0.0732421875 0.943359375 0.109375 0.9560546875 0.138671875 0.9306640625 0.140625 0.8740234375 0.16015625 0.8349609375 0.162109375 0.8115234375
0 0.5322265625 0.779296875 0.5166015625 0.802734375 0.4892578125 0.8203125 0.3427734375 0.880859375 0.2080078125 0.947265625 0.1552734375 0.982421875 0.0966796875 0.984375 0.091796875 0.9990234375 0.380859375 0.9990234375 0.546875 0.9345703125 0.552734375 0.7998046875 0.5458984375 0.775390625 0.5322265625 0.779296875
0 0.345703125 0.7724609375 0.3349609375 0.73828125 0.2060546875 0.740234375 0.193359375 0.7509765625 0.181640625 0.7744140625 0.162109375 0.9248046875 0.1689453125 0.94140625 0.185546875 0.9443359375 0.2255859375 0.935546875 0.3310546875 0.8828125 0.345703125 0.8662109375 0.345703125 0.7724609375
0 0.0009765625 1 0.0625 0.9990234375 0.0458984375 0.9609375 0.0283203125 0.953125 0 0.9541015625 0.0009765625 1
0 0.5068359375 0.798828125 0.521484375 0.7802734375 0.513671875 0.7294921875 0.4716796875 0.724609375 0.3525390625 0.736328125 0.34765625 0.8408203125 0.357421875 0.8583984375 0.4111328125 0.83984375 0.4326171875 0.822265625 0.4482421875 0.826171875 0.5068359375 0.798828125
0 0.5166015625 0.65234375 0.537109375 0.6455078125 0.537109375 0.6259765625 0.529296875 0.6162109375 0.53515625 0.5908203125 0.52734375 0.5771484375 0.53515625 0.5634765625 0.53515625 0.5361328125 0.521484375 0.5244140625 0.53125 0.4853515625 0.5283203125 0.46875 0.5068359375 0.462890625 0.36328125 0.4951171875 0.34765625 0.7275390625 0.388671875 0.7294921875 0.4208984375 0.724609375 0.4375 0.7001953125 0.4384765625 0.654296875 0.5166015625 0.65234375
0 0.53515625 0.5869140625 0.52734375 0.5791015625 0.53515625 0.5654296875 0.53515625 0.5361328125 0.521484375 0.5185546875 0.53125 0.4716796875 0.5205078125 0.46484375 0.4541015625 0.474609375 0.439453125 0.4873046875 0.4375 0.6513671875 0.478515625 0.6533203125 0.537109375 0.6455078125 0.537109375 0.6259765625 0.529296875 0.6162109375 0.53515625 0.5869140625
0 0.53515625 0.5849609375 0.52734375 0.5791015625 0.53515625 0.5654296875 0.53515625 0.5341796875 0.521484375 0.5224609375 0.53125 0.4716796875 0.5185546875 0.46484375 0.4599609375 0.47265625 0.439453125 0.4873046875 0.4375 0.6513671875 0.482421875 0.6533203125 0.537109375 0.6455078125 0.537109375 0.6259765625 0.529296875 0.6162109375 0.53515625 0.5849609375
0 0.5341796875 0.650390625 0.4375 0.6591796875 0.443359375 0.7236328125 0.47265625 0.7236328125 0.5087890625 0.72265625 0.5185546875 0.70703125 0.5390625 0.7001953125 0.5341796875 0.650390625
0 0.3681640625 0.4921875 0.359375 0.5146484375 0.34765625 0.7275390625 0.38671875 0.7294921875 0.4208984375 0.724609375 0.435546875 0.6982421875 0.4345703125 0.482421875 0.3681640625 0.4921875
0 0.6533203125 0.40625 0.6728515625 0.40625 0.67578125 0.3994140625 0.611328125 0.3193359375 0.5947265625 0.30859375 0.5009765625 0.31640625 0.4482421875 0.326171875 0.4423828125 0.333984375 0.4345703125 0.328125 0.404296875 0.3447265625 0.392578125 0.4384765625 0.4013671875 0.470703125 0.435546875 0.4716796875 0.5107421875 0.45703125 0.5322265625 0.4375 0.5576171875 0.4453125 0.6533203125 0.40625
0 0.4091796875 0.1875 0.40234375 0.2080078125 0.3984375 0.3193359375 0.4033203125 0.328125 0.416015625 0.3271484375 0.5869140625 0.3046875 0.59765625 0.2978515625 0.5107421875 0.177734375 0.4091796875 0.1875
0 0.41015625 0.0771484375 0.408203125 0.1884765625 0.513671875 0.1748046875 0.4384765625 0.060546875 0.4150390625 0.06640625 0.41015625 0.0771484375
0 0.68359375 0.1044921875 0.6806640625 0.01953125 0.6025390625 0.015625 0.46484375 0.0302734375 0.4609375 0.0478515625 0.537109375 0.1630859375 0.5439453125 0.169921875 0.5625 0.1689453125 0.6689453125 0.16015625 0.6796875 0.1513671875 0.673828125 0.1103515625 0.68359375 0.1044921875
0 0.5517578125 0.171875 0.55078125 0.1865234375 0.619140625 0.2861328125 0.6376953125 0.306640625 0.6455078125 0.302734375 0.650390625 0.3095703125 0.6796875 0.2763671875 0.681640625 0.1708984375 0.6318359375 0.1640625 0.5517578125 0.171875
0 0.921875 0.0634765625 0.9150390625 0.021484375 0.693359375 0.0224609375 0.689453125 0.1337890625 0.6962890625 0.158203125 0.892578125 0.1669921875 0.9111328125 0.1640625 0.916015625 0.1533203125 0.904296875 0.1162109375 0.921875 0.0634765625
0 0.8955078125 0.435546875 0.90234375 0.4228515625 0.90625 0.3701171875 0.896484375 0.3583984375 0.896484375 0.2939453125 0.9072265625 0.2734375 0.9267578125 0.27734375 0.94140625 0.2626953125 0.931640625 0.2392578125 0.916015625 0.2314453125 0.91796875 0.1787109375 0.8857421875 0.169921875 0.6962890625 0.162109375 0.685546875 0.1826171875 0.685546875 0.3583984375 0.703125 0.3876953125 0.7373046875 0.421875 0.7548828125 0.421875 0.7666015625 0.43359375 0.8017578125 0.443359375 0.818359375 0.4423828125 0.8408203125 0.421875 0.8662109375 0.423828125 0.8837890625 0.4375 0.8955078125 0.435546875
0 0.9164667968750001 0.5814296875 0.91045703125 0.435697265625 0.8533652343749999 0.43719921875 0.767728515625 0.443208984375 0.7857578125 0.470251953125 0.8458535156250001 0.533353515625 0.9164667968750001 0.5814296875
0 1 0.0224609375 0.9384765625 0.021484375 0.931640625 0.0400390625 0.9375 0.0966796875 0.9453125 0.1083984375 0.9375 0.1123046875 0.947265625 0.1220703125 0.9375 0.1279296875 0.9453125 0.1376953125 0.9375 0.1435546875 0.9453125 0.1533203125 0.935546875 0.1591796875 0.9375 0.1943359375 0.96484375 0.2021484375 0.9384765625 0.203125 0.9404296875 0.21484375 0.955078125 0.2158203125 0.9384765625 0.21875 0.9375 0.2275390625 0.9541015625 0.23046875 0.951171875 0.2431640625 0.9599609375 0.25 1 0.2490234375 1 0.0224609375
0 1 0.0263671875 0.9384765625 0.0234375 0.93359375 0.0556640625 0.943359375 0.1259765625 0.931640625 0.1591796875 0.935546875 0.1943359375 0.9453125 0.2001953125 0.931640625 0.2041015625 0.943359375 0.2158203125 0.931640625 0.2216796875 0.943359375 0.2431640625 0.9560546875 0.25 1 0.2490234375 1 0.0263671875
0 1 0.2548828125 0.9560546875 0.25390625 0.947265625 0.2724609375 0.9267578125 0.283203125 0.919921875 0.2978515625 0.921875 0.3876953125 0.9140625 0.4091796875 0.923828125 0.4658203125 0.919921875 0.5029296875 0.9375 0.5283203125 0.91796875 0.5537109375 0.91796875 0.5830078125 0.9775390625 0.642578125 1 0.6533203125 1 0.2548828125
0 1 0.2568359375 0.9560546875 0.255859375 0.923828125 0.2841796875 0.919921875 0.3017578125 0.9140625 0.4462890625 0.919921875 0.5009765625 0.935546875 0.5205078125 0.935546875 0.5419921875 0.921875 0.5517578125 0.91796875 0.5712890625 0.92578125 0.5966796875 1 0.6552734375 1 0.2568359375
0 0.8505859375 0.875 0.8974609375 0.861328125 0.892578125 0.8486328125 0.90625 0.8408203125 0.91015625 0.8271484375 0.91015625 0.7294921875 0.8759765625 0.720703125 0.7958984375 0.724609375 0.7861328125 0.734375 0.7685546875 0.724609375 0.7138671875 0.732421875 0.6982421875 0.72265625 0.6279296875 0.72265625 0.6162109375 0.73046875 0.5947265625 0.72265625 0.5693359375 0.73046875 0.568359375 0.7685546875 0.560546875 0.7861328125 0.568359375 0.8720703125 0.583984375 0.9130859375 0.6005859375 0.9296875 0.611328125 0.9287109375 0.7724609375 0.890625 0.7998046875 0.861328125 0.8349609375 0.861328125 0.8505859375 0.875
0 0.7880859375 0.515625 0.744140625 0.4990234375 0.7353515625 0.4609375 0.6982421875 0.431640625 0.6904296875 0.439453125 0.6396484375 0.43359375 0.5888671875 0.44921875 0.568359375 0.4658203125 0.5546875 0.5146484375 0.5546875 0.6162109375 0.55859375 0.6708984375 0.5751953125 0.705078125 0.6689453125 0.7109375 0.7236328125 0.6953125 0.7470703125 0.70703125 0.837890625 0.7119140625 0.84375 0.7041015625 0.84375 0.6611328125 0.8359375 0.5712890625 0.7880859375 0.515625
0 0.919921875 0.6376953125 0.8701171875 0.5859375 0.8408203125 0.56640625 0.84765625 0.7060546875 0.8564453125 0.71875 0.8671875 0.7197265625 0.8779296875 0.71875 0.8857421875 0.705078125 0.91015625 0.7099609375 0.919921875 0.6376953125
0 0.9951171875 0.82421875 0.9873046875 0.83203125 0.9658203125 0.8203125 0.955078125 0.8017578125 0.955078125 0.7412109375 0.96484375 0.7001953125 0.9716796875 0.69140625 0.9833984375 0.69140625 0.9990234375 0.701171875 1 0.6884765625 0.9267578125 0.638671875 0.919921875 0.6513671875 0.919921875 0.6982421875 0.927734375 0.7724609375 0.921875 0.8447265625 0.927734375 0.8486328125 0.9521484375 0.83984375 0.9912109375 0.841796875 1 0.8349609375 0.9951171875 0.82421875
0 1 0.7080078125 0.9755859375 0.69140625 0.966796875 0.7001953125 0.955078125 0.7431640625 0.955078125 0.7978515625 0.9697265625 0.8203125 1 0.8212890625 1 0.7080078125
0 0.8681640625 1 0.9921875 0.9990234375 0.9794921875 0.927734375 0.849609375 0.9482421875 0.85546875 0.9833984375 0.8681640625 1
0 0.9677734375 0.87890625 0.9345703125 0.87109375 0.8525390625 0.888671875 0.84765625 0.9326171875 0.857421875 0.9443359375 0.9775390625 0.919921875 0.98046875 0.9033203125 0.970703125 0.8720703125 0.9677734375 0.87890625
0 0.60546875 0.9560546875 0.6103515625 1 0.787109375 0.9990234375 0.78125 0.9287109375 0.7724609375 0.912109375 0.6806640625 0.927734375 0.60546875 0.9560546875
0 0.02734375 0.0341796875 0.0654296875 0 0 0.0009765625 0.001953125 0.2822265625 0.01953125 0.1904296875 0.0546875 0.0771484375 0.029296875 0.0556640625 0.02734375 0.0341796875