0 0.37234042500000003 0.2783203125 0.3351063828125 0.171875 0.2212765953125 0.2001953125 0.23191489375000002 0.2861328125 0.2606382984375 0.30859375 0.28085106406250004 0.3095703125 0.3031914890625 0.3046875 0.3138297875 0.29296875 0.3414893609375 0.29296875 0.37234042500000003 0.2783203125
0 0.19574468125 0.0791015625 0.2170212765625 0.1845703125 0.2446808515625 0.1884765625 0.33404255312500003 0.1630859375 0.29042553125000004 0.0390625 0.2670212765625 0.04296875 0.19574468125 0.0791015625
0 0.343617021875 0 0.3074468078125 0.0234375 0.297872340625 0.0400390625 0.3638297875 0.2509765625 0.374468084375 0.2744140625 0.3872340421875 0.2744140625 0.45851063906249995 0.2578125 0.47446808437500004 0.2451171875 0.3914893609375 0.0107421875 0.384042553125 0 0.343617021875 0
0 0.4734042546875 0.09765625 0.43829787187499997 0.1162109375 0.47446808437500004 0.2412109375 0.484042553125 0.25390625 0.506382978125 0.2548828125 0.69574468125 0.1865234375 0.6872340421875001 0.1435546875 0.6393617015624999 0.056640625 0.4734042546875 0.09765625
0 0.429787234375 0.1044921875 0.4425531921875 0.1083984375 0.6329787234375 0.05078125 0.6191489359375 0.0009765625 0.3925531921875 0 0.429787234375 0.1044921875
0 0.65425531875 0.333984375 0.6904255312500001 0.306640625 0.724468084375 0.314453125 0.75 0.298828125 0.7734042546875 0.30078125 0.7829787234375 0.2939453125 0.7787234046875 0.2666015625 0.7510638296875001 0.2236328125 0.715957446875 0.19140625 0.4968085109375 0.259765625 0.5042553187500001 0.2919921875 0.497872340625 0.3193359375 0.5212765953125 0.3232421875 0.5042553187500001 0.3447265625 0.5106382984375 0.3642578125 0.579787234375 0.3515625 0.6074468078125 0.330078125 0.622340425 0.337890625 0.65425531875 0.333984375
0 0.406382978125 0.2802734375 0.43191489375 0.3916015625 0.4531914890625 0.3994140625 0.5021276593749999 0.3642578125 0.4925531921875 0.259765625 0.46063829843750004 0.26171875 0.406382978125 0.2802734375
0 0.429787234375 0.3896484375 0.3989361703125 0.28125 0.343617021875 0.296875 0.325531915625 0.3173828125 0.3574468078125 0.4365234375 0.365957446875 0.4404296875 0.384042553125 0.435546875 0.3925531921875 0.423828125 0.40531914843749994 0.42578125 0.429787234375 0.3896484375
0 0.8808510640625 0.4013671875 0.8914893609375 0.4931640625 0.9106382984374999 0.5068359375 1 0.4873046875 0.9968085109375 0.365234375 0.9074468078125 0.384765625 0.8808510640625 0.4013671875
0 0.9946808515625 0.388220703125 0.9914893609375 0.397009765625 1 0.398962890625 0.9946808515625 0.388220703125
0 0.33191489375 0.3388671875 0.320212765625 0.318359375 0.2712765953125 0.322265625 0.22872340468750002 0.33984375 0.1872340421875 0.3935546875 0.1808510640625 0.4189453125 0.1872340421875 0.4443359375 0.211702128125 0.484375 0.23191489375000002 0.4833984375 0.277659575 0.470703125 0.3053191484375 0.431640625 0.3531914890625 0.4365234375 0.33191489375 0.3388671875
0 0.22659574531249999 0.3359375 0.2468085109375 0.3173828125 0.22765957499999998 0.2822265625 0.2106382984375 0.1728515625 0.1712765953125 0.037109375 0.0946808515625 0.0390625 0.074468084375 0.0791015625 0.065957446875 0.1708984375 0.0808510640625 0.2568359375 0.0829787234375 0.4013671875 0.0989361703125 0.400390625 0.134042553125 0.4208984375 0.17553191562499998 0.412109375 0.1872340421875 0.3818359375 0.1829787234375 0.3466796875 0.22659574531249999 0.3359375
0 0.47553191562499997 0.810546875 0.5287234046875 0.798828125 0.5170212765625 0.7060546875 0.5074468078125001 0.693359375 0.47127659531250005 0.67578125 0.46170212812500006 0.6611328125 0.4765957453125 0.6162109375 0.41808510625000006 0.62109375 0.3989361703125 0.634765625 0.3925531921875 0.630859375 0.3734042546875 0.640625 0.3691489359375 0.634765625 0.3627659578125 0.64453125 0.352127659375 0.63671875 0.347872340625 0.646484375 0.2712765953125 0.650390625 0.122340425 0.67578125 0.10531914843750001 0.67578125 0.0989361703125 0.66796875 0.093617021875 0.7138671875 0.10212765937499999 0.8134765625 0.11595744687500001 0.830078125 0.1446808515625 0.8291015625 0.3138297875 0.8125 0.3606382984375 0.822265625 0.379787234375 0.814453125 0.47553191562499997 0.810546875
0 0.13191489375 0.5322265625 0.1191489359375 0.5849609375 0.1 0.6123046875 0.093617021875 0.6533203125 0.10106382968750001 0.673828125 0.129787234375 0.6728515625 0.265957446875 0.6455078125 0.23297872343749998 0.505859375 0.14574468125 0.5234375 0.13191489375 0.5322265625
0 0.4574468078125 0.4853515625 0.4372340421875 0.447265625 0.41808510625000006 0.4453125 0.3414893609375 0.482421875 0.238297871875 0.5126953125 0.2638297875 0.6279296875 0.2787234046875 0.6376953125 0.4893617015625 0.6005859375 0.47446808437500004 0.5478515625 0.4468085109375 0.5302734375 0.4574468078125 0.4853515625
0 0.5914893609375 0.4169921875 0.584042553125 0.376953125 0.5074468078125001 0.392578125 0.4574468078125 0.4208984375 0.46170212812500006 0.4658203125 0.49148936093750006 0.5205078125 0.48510638281249996 0.5458984375 0.493617021875 0.5751953125 0.5021276593749999 0.5791015625 0.5606382984375 0.568359375 0.6212765953125 0.5439453125 0.602127659375 0.4267578125 0.5914893609375 0.4169921875
0 0.6670212765625 0.357421875 0.5989361703125 0.37109375 0.5872340421875 0.3798828125 0.625531915625 0.5419921875 0.64042553125 0.5439453125 0.6968085109375 0.537109375 0.725531915625 0.5244140625 0.6914893609375 0.4033203125 0.6670212765625 0.357421875
0 0.8446808515625 0.4345703125 0.8425531921875 0.4150390625 0.8223404249999999 0.369140625 0.7989361703125 0.361328125 0.7627659578125 0.33203125 0.7351063828125 0.328125 0.7106382984375 0.3564453125 0.7446808515625001 0.4580078125 0.7787234046875 0.5185546875 0.8574468078124999 0.5029296875 0.8574468078124999 0.4873046875 0.834042553125 0.4580078125 0.8446808515625 0.4345703125
0 0.7127659578125 0.3583984375 0.679787234375 0.3515625 0.674468084375 0.3642578125 0.6893617015625 0.3916015625 0.727659575 0.5244140625 0.7468085109375 0.5283203125 0.772340425 0.5185546875 0.761702128125 0.4833984375 0.7446808515625001 0.4599609375 0.7127659578125 0.3583984375
0 0.89042553125 0.767578125 0.9138297874999999 0.767578125 0.9276595750000001 0.7548828125 0.86808510625 0.5380859375 0.8542553187499999 0.51171875 0.7946808515625 0.517578125 0.7627659578125 0.53125 0.6265957453125 0.55859375 0.615957446875 0.56640625 0.5819148937499999 0.56640625 0.511702128125 0.58203125 0.497872340625 0.5908203125 0.5021276593749999 0.6181640625 0.5308510640625 0.6328125 0.5425531921875 0.6494140625 0.5425531921875 0.6708984375 0.5212765953125 0.6943359375 0.5617021281250001 0.7783203125 0.5712765953125001 0.779296875 0.5946808515625001 0.7578125 0.6308510640625 0.755859375 0.6617021281250001 0.7705078125 0.6638297875 0.7978515625 0.6755319156249999 0.80859375 0.7085106390625 0.8154296875 0.8031914890625 0.796875 0.8329787234375001 0.76953125 0.877659575 0.775390625 0.89042553125 0.767578125
0 0.625531915625 0.8779296875 0.647872340625 1 0.770212765625 0.9990234375 0.7510638296875001 0.8779296875 0.7393617015625 0.84765625 0.6606382984375 0.857421875 0.625531915625 0.8779296875
0 0.5351063828125 0.88671875 0.5148936171875 0.8994140625 0.5393617015625 1 0.638297871875 0.9990234375 0.63191489375 0.9365234375 0.60957446875 0.88671875 0.5861702125 0.875 0.5351063828125 0.88671875
0 0.4308510640625 1 0.534042553125 0.9990234375 0.5053191484374999 0.892578125 0.44787234062500003 0.8984375 0.41489361718750006 0.9111328125 0.4308510640625 1
0 0.30957446875 0.94140625 0.2734042546875 0.951171875 0.261702128125 0.9658203125 0.2648936171875 1 0.4234042546875 0.9990234375 0.40957446875 0.9140625 0.3691489359375 0.9140625 0.3329787234375 0.92578125 0.30957446875 0.94140625
0 0.1648936171875 0.982421875 0.11595744687500001 0.978515625 0.10212765937499999 0.9912109375 0.1031914890625 1 0.24255319218750002 0.9990234375 0.23723404218750002 0.97265625 0.215957446875 0.984375 0.1925531921875 0.9765625 0.1648936171875 0.982421875
0 0.0829787234375 0.7470703125 0.0808510640625 0.6728515625 0.0648936171875 0.64453125 0.0053191484375 0.64453125 0.002127659375 0.9990234375 0.09574468124999999 0.9990234375 0.072340425 0.8935546875 0.0829787234375 0.8212890625 0.07659574531249999 0.7666015625 0.0829787234375 0.7470703125
0 0.0010638296875 1 0.097872340625 0.9990234375 0.093617021875 0.9755859375 0.08191489375 0.966796875 0 0.9833984375 0.0010638296875 1
0 0.9191489359375 0.9189453125 0.9106382984374999 0.8466796875 0.8968085109375 0.869140625 0.8851063828125 0.8603515625 0.877659575 0.828125 0.84574468125 0.833984375 0.8138297874999999 0.82421875 0.7542553187500001 0.841796875 0.7468085109375 0.8505859375 0.772340425 0.9990234375 0.9085106390625001 0.9990234375 0.9212765953125001 0.9658203125 0.9106382984374999 0.9443359375 0.9106382984374999 0.9248046875 0.9191489359375 0.9189453125
0 0.906382978125 0.5712890625 0.9148936171875001 0.5927734375 0.9234042546874999 0.5947265625 1 0.5654296875 0.9989361703125 0.4921875 0.8957446812500001 0.5146484375 0.906382978125 0.5712890625
0 0.9255319156249999 0.5986328125 0.9340425531250001 0.6904296875 0.9574468078124999 0.7783203125 0.9670212765624999 0.79296875 0.974468084375 0.7919921875 1 0.7841796875 0.9968085109375 0.572265625 0.9457446812500001 0.583984375 0.9255319156249999 0.5986328125
0 0.9106382984374999 0.2685546875 0.9010638296875 0.27734375 0.8712765953125 0.271484375 0.8553191484375 0.2802734375 0.893617021875 0.3818359375 0.906382978125 0.3837890625 1 0.3603515625 0.9968085109375 0.2265625 0.90957446875 0.25390625 0.9106382984374999 0.2685546875
0 0.997872340625 0.0654296875 0.7329787234375 0.12890625 0.729787234375 0.1396484375 0.7425531921874999 0.1630859375 0.7691489359375 0.189453125 0.7914893609375 0.1923828125 0.9393617015625001 0.150390625 0.9606382984374999 0.134765625 0.9968085109375 0.125 0.997872340625 0.0654296875
0 0.70957446875 0.0703125 0.702127659375 0.0927734375 0.7170212765625 0.1201171875 0.729787234375 0.1259765625 0.9138297874999999 0.080078125 0.90425531875 0.0263671875 0.8329787234375001 0.03515625 0.70957446875 0.0703125
0 0.777659575 0.1953125 0.8021276593750001 0.2412109375 0.8042553187499999 0.2607421875 0.8319148937499999 0.2666015625 0.9734042546874999 0.220703125 0.9829787234375 0.2060546875 0.961702128125 0.1513671875 0.777659575 0.1953125
0 0.9829787234375 0.2060546875 0.988297871875 0.21484375 0.997872340625 0.2138671875 0.9968085109375 0.126953125 0.9691489359375 0.138671875 0.965957446875 0.1533203125 0.9829787234375 0.2060546875
0 0.956382978125 0 0.90425531875 0.0205078125 0.9170212765624999 0.0712890625 0.9340425531250001 0.0751953125 1 0.0576171875 0.9989361703125 0 0.956382978125 0
0 0.6787234046874999 0.0498046875 0.6925531921875 0.068359375 0.7085106390625 0.0693359375 0.8372340421875 0.03125 0.834042553125 0.0009765625 0.6670212765625 0 0.6787234046874999 0.0498046875
0 0.039361701562500004 0.0703125 0.027659575 0.0595703125 0.0308510640625 0.044921875 0.0053191484375 0.046875 0 0.1572265625 0.0138297875 0.166015625 0.0531914890625 0.1669921875 0.065957446875 0.1591796875 0.07021276562499999 0.1435546875 0.074468084375 0.0595703125 0.039361701562500004 0.0703125
0 0.0308510640625 0.251953125 0.07021276562499999 0.2529296875 0.0638297875 0.1728515625 0.0053191484375 0.1640625 0 0.2333984375 0.0308510640625 0.251953125
0 0 0.3583984375 0.04042553125 0.3603515625 0.074468084375 0.3486328125 0.074468084375 0.2705078125 0.0648936171875 0.26171875 0.0138297875 0.263671875 0 0.2705078125 0 0.3583984375
0 0 0.4345703125 0.029787234375 0.4384765625 0.0808510640625 0.4267578125 0.0851063828125 0.4150390625 0.0734042546875 0.353515625 0 0.3623046875 0 0.4345703125
0 0.0010638296875 0 0 0.0419921875 0.0308510640625 0.041015625 0.03191489375 0.0654296875 0.0531914890625 0.0693359375 0.0734042546875 0.060546875 0.0851063828125 0.0439453125 0.08936170156249999 0.0009765625 0.0010638296875 0
0 0.09680851093750001 0.037109375 0.1734042546875 0.03515625 0.19042553125 0.060546875 0.20425531874999997 0.0595703125 0.28404255312500004 0.03125 0.325531915625 0.0029296875 0.0914893609375 0.0009765625 0.09680851093750001 0.037109375
0 0.20531914843750002 0.9453125 0.2414893609375 0.958984375 0.26808510625 0.9404296875 0.26808510625 0.9189453125 0.28404255312500004 0.90625 0.32234042500000004 0.91015625 0.3510638296875 0.8876953125 0.33404255312500003 0.8564453125 0.34042553125 0.8408203125 0.33191489375 0.8291015625 0.23936170156249997 0.8203125 0.1393617015625 0.8359375 0.134042553125 0.8427734375 0.14574468125 0.84765625 0.0925531921875 0.830078125 0.0787234046875 0.8701171875 0.0872340421875 0.9521484375 0.10531914843750001 0.9765625 0.11702127656250001 0.9755859375 0.1329787234375 0.97265625 0.1414893609375 0.95703125 0.184042553125 0.958984375 0.20531914843750002 0.9453125
0 0.4989361703125 0.80859375 0.3734042546875 0.833984375 0.3553191484375 0.8466796875 0.3531914890625 0.8681640625 0.3627659578125 0.87890625 0.3787234046875 0.8779296875 0.511702128125 0.853515625 0.5234042546875 0.8447265625 0.525531915625 0.8134765625 0.4989361703125 0.80859375