0 0 0.1552734375 0.0625 0.1650390625 0.0859375 0.1494140625 0.091796875 0.0888671875 0.1259765625 0 0 0.0009765625 0 0.1552734375
0 0.107421875 0.4677734375 0.09375 0.2998046875 0.09765625 0.2763671875 0.0869140625 0.267578125 0.0439453125 0.267578125 0.0048828125 0.255859375 0 0.8134765625 0.0458984375 0.802734375 0.078125 0.8154296875 0.09765625 0.7607421875 0.08984375 0.6376953125 0.1015625 0.5810546875 0.107421875 0.4677734375
0 0.240234375 0.9150390625 0.1982421875 0.8828125 0.1669921875 0.875 0.1083984375 0.841796875 0.0986328125 0.841796875 0.08984375 0.8544921875 0.05859375 0.9501953125 0.00390625 0.9990234375 0.21484375 0.9990234375 0.19921875 0.9423828125 0.2158203125 0.92578125 0.2353515625 0.9375 0.240234375 0.9150390625
0 0.416015625 0.9990234375 0.2783203125 0.919921875 0.265625 0.9267578125 0.232421875 0.9990234375 0.416015625 0.9990234375
0 0.755859375 0.8076171875 0.7451171875 0.7890625 0.7158203125 0.775390625 0.48828125 0.8173828125 0.5146484375 1 0.748046875 0.9990234375 0.748046875 0.8994140625 0.759765625 0.8681640625 0.748046875 0.8505859375 0.755859375 0.8076171875
0 0.748046875 0.7333984375 0.724609375 0.6220703125 0.70703125 0.5615234375 0.6865234375 0.521484375 0.6337890625 0.5234375 0.439453125 0.5673828125 0.453125 0.6982421875 0.46484375 0.7451171875 0.482421875 0.7724609375 0.4765625 0.7998046875 0.4853515625 0.810546875 0.501953125 0.8095703125 0.7001953125 0.76953125 0.7216796875 0.7734375 0.74609375 0.7568359375 0.748046875 0.7333984375
0 0.6162109375 0.3984375 0.4248046875 0.43359375 0.4140625 0.4443359375 0.4140625 0.4560546875 0.43359375 0.5478515625 0.4443359375 0.5546875 0.46875 0.5537109375 0.6845703125 0.5078125 0.677734375 0.4541015625 0.66015625 0.3974609375 0.6162109375 0.3984375
0 0.64453125 0.3408203125 0.62890625 0.2919921875 0.6083984375 0.28125 0.5810546875 0.28125 0.3955078125 0.318359375 0.390625 0.3408203125 0.408203125 0.4228515625 0.4150390625 0.431640625 0.4296875 0.4306640625 0.5888671875 0.404296875 0.6455078125 0.38671875 0.650390625 0.3759765625 0.64453125 0.3408203125
0 0.595703125 0.1669921875 0.5673828125 0.162109375 0.3681640625 0.189453125 0.365234375 0.2294921875 0.375 0.2607421875 0.388671875 0.2685546875 0.408203125 0.3095703125 0.419921875 0.3095703125 0.5712890625 0.28125 0.6123046875 0.263671875 0.6171875 0.2353515625 0.595703125 0.1669921875
0 0.5439453125 0.041015625 0.5205078125 0.0390625 0.3505859375 0.11328125 0.34765625 0.1357421875 0.357421875 0.1826171875 0.365234375 0.1865234375 0.5888671875 0.158203125 0.591796875 0.1318359375 0.5625 0.0634765625 0.5439453125 0.041015625
0 0.5556640625 0.0546875 0.541015625 0.0048828125 0.4130859375 0 0.3544921875 0.03125 0.345703125 0.0478515625 0.345703125 0.1005859375 0.359375 0.1064453125 0.3857421875 0.08984375 0.5048828125 0.044921875 0.5361328125 0.0390625 0.5556640625 0.0546875
0 0.72265625 0.26141796875 0.8218144531249999 0.2584140625 0.9044472656250001 0.2779453125 0.94050390625 0.028544921875 0.83233203125 0.021033203125 0.733173828125 0.00751171875 0.61298046875 0.079626953125 0.62199609375 0.181791015625 0.658052734375 0.267427734375 0.72265625 0.26141796875
0 0.9825722656250001 0.5123203125 0.9660449218749999 0.303486328125 0.82331640625 0.2689296875 0.66706640625 0.27644140625 0.677583984375 0.41766796875 0.8413457031249999 0.477763671875 0.9825722656250001 0.5123203125
0 0.9810703125 0.213341796875 0.9329921875 0.213341796875 0.91496484375 0.279447265625 0.9810703125 0.298978515625 0.9810703125 0.213341796875
0 0.9975957031249999 0.208833984375 1 0.0540859375 0.9675488281250001 0.0390625 0.94501171875 0.04206640625 0.91496484375 0.19831640625 0.9435097656250001 0.21183984374999998 0.9975957031249999 0.208833984375
0 0.736177734375 0.59795703125 0.76472265625 0.712138671875 0.77373828125 0.799279296875 0.9915859375 0.86688671875 0.9870800781250001 0.52433984375 0.83984375 0.48076953125 0.6986171875 0.4341953125 0.68058984375 0.4341953125 0.697115234375 0.49579296875 0.736177734375 0.59795703125
0 0.779748046875 0.8203125 0.752705078125 1 0.99909765625 0.9945917968750001 0.99609375 0.8879199218749999 0.779748046875 0.8203125
0 0.1220703125 0.53515625 0.109375 0.6376953125 0.109375 0.8134765625 0.1376953125 0.828125 0.1552734375 0.828125 0.1923828125 0.857421875 0.2373046875 0.845703125 0.2900390625 0.87890625 0.3193359375 0.91796875 0.33203125 0.9189453125 0.296875 0.5400390625 0.2216796875 0.529296875 0.1376953125 0.529296875 0.1220703125 0.53515625
0 0.265625 0.2451171875 0.2548828125 0.212890625 0.2373046875 0.21875 0.2099609375 0.24609375 0.140625 0.2763671875 0.125 0.3330078125 0.12109375 0.5009765625 0.123046875 0.5107421875 0.1416015625 0.5234375 0.248046875 0.5283203125 0.2587890625 0.5 0.2880859375 0.505859375 0.294921875 0.4912109375 0.265625 0.2451171875
0 0.40625 0.4873046875 0.392578125 0.4580078125 0.396484375 0.4306640625 0.3779296875 0.3671875 0.291015625 0.3759765625 0.318359375 0.6787109375 0.3251953125 0.701171875 0.345703125 0.7001953125 0.3896484375 0.6953125 0.435546875 0.6787109375 0.427734375 0.5888671875 0.40625 0.4873046875
0 0.486328125 0.9208984375 0.48046875 0.8388671875 0.455078125 0.7919921875 0.455078125 0.7470703125 0.443359375 0.6962890625 0.3271484375 0.70703125 0.3203125 0.7158203125 0.326171875 0.7998046875 0.345703125 0.9267578125 0.3896484375 0.9609375 0.4599609375 0.9921875 0.482421875 0.9931640625 0.498046875 0.9853515625 0.5 0.9599609375 0.4921875 0.9228515625 0.486328125 0.9208984375
0 0.2705078125 0.19921875 0.265625 0.2177734375 0.27734375 0.2568359375 0.2890625 0.3564453125 0.2939453125 0.3671875 0.3359375 0.3662109375 0.37890625 0.3603515625 0.361328125 0.2607421875 0.3310546875 0.1953125 0.2705078125 0.19921875
0 0.328125 0.1806640625 0.333984375 0.1533203125 0.33203125 0.0673828125 0.32421875 0.0302734375 0.3076171875 0.009765625 0.2724609375 0.009765625 0.2060546875 0.033203125 0.173828125 0.0537109375 0.15625 0.1142578125 0.17578125 0.1748046875 0.169921875 0.1982421875 0.138671875 0.2470703125 0.138671875 0.2607421875 0.1484375 0.2626953125 0.2099609375 0.234375 0.2470703125 0.197265625 0.3115234375 0.189453125 0.328125 0.1806640625
0 0.1171875 0.1884765625 0.0888671875 0.166015625 0.0478515625 0.171875 0.0009765625 0.158203125 0 0.2216796875 0.0107421875 0.240234375 0.01953125 0.2392578125 0.0361328125 0.228515625 0.0849609375 0.232421875 0.111328125 0.2060546875 0.1171875 0.1884765625