0 0.5605471421875 0.03418 0.5751957140624999 0 0.486328571875 0.0009771421875 0.545898571875 0.0332028578125 0.5605471421875 0.03418
0 0.19531285781250002 0.4501957140625 0.136718571875 0.5673828578125 0.07812571406249999 0.696288571875 0.058594285937500004 0.741211428125 0.0625 0.7626957140624999 0.025390000000000003 0.8232428578125001 0.026367142187499998 0.8320314281250001 0.077148571875 0.8593757140625 0.08593714218750001 0.858398571875 0.27538999999999997 0.485351428125 0.2705071421875 0.4726557140625 0.20214857187500002 0.44531285781249996 0.19531285781250002 0.4501957140625
0 0 0.30957 0.019531428125 0.31543 0.0722657140625 0.2197271421875 0.057617142187500005 0.207031428125 0.0009771421875 0.1835942859375 0 0.30957
0 0.13729428593749998 0.2536371421875 0.07554 0.22717 0.0181957140625 0.322008571875 0.08160428593749999 0.35068 0.13729428593749998 0.2536371421875
0 0.179751428125 0.3291771421875 0.2018071421875 0.27679571406250003 0.1461171421875 0.25749714218749997 0.13288428593749999 0.2718328578125 0.11964999999999999 0.29829857187500003 0.179751428125 0.3291771421875
0 0.1163428578125 0.29940142812500004 0.087118571875 0.35013 0.146668571875 0.385418571875 0.1769942859375 0.3313828578125 0.1163428578125 0.29940142812500004
0 0.037791428125 0.5893928578125001 0.100291428125 0.465118571875 0.040698571875 0.4273271421875 0 0.48328714218749996 0.0007271421875 0.5603228578125 0.037791428125 0.5893928578125001
0 0 0.4782 0.03561 0.42442 0.0007271421875 0.40770571406249995 0 0.465118571875 0 0.4782
0 0 0.6577071421875 0.03561 0.5915728578125 0.0007271421875 0.5632285718750001 0 0.6511657140625 0 0.6577071421875
0 0.0901171421875 0.66134 0.037064285937500004 0.6395371421875 0.00218 0.7231142859374999 0.048691428125000005 0.74855 0.0901171421875 0.66134
0 0.09302428593749999 0.66134 0.1555242859375 0.5210785718750001 0.1148257140625 0.5021828578124999 0.08648285781250001 0.5443342859375 0.039971428125 0.6351771421875 0.09302428593749999 0.66134
0 0.160611428125 0.5181714281249999 0.19476857187500002 0.44040857187500004 0.1460757140625 0.42224000000000006 0.13444857187499998 0.457851428125 0.12282 0.5007285718750001 0.160611428125 0.5181714281249999
0 0.1933142859375 0.431688571875 0.2427342859375 0.31976857187499996 0.20276285781249997 0.2979671421875 0.1766 0.343751428125 0.138081428125 0.40770571406249995 0.1933142859375 0.431688571875
0 0.25290857187500004 0.18895428593750002 0.21802428593749998 0.17442 0.1686057140625 0.261628571875 0.2085771421875 0.27616428593750003 0.25290857187500004 0.18895428593750002
0 0.18096 0.158431428125 0.1308142859375 0.24491428593750003 0.1664257140625 0.2609028578125 0.2114828578125 0.1758728578125 0.18096 0.158431428125
0 0.1736928578125 0.1555242859375 0.1300871421875 0.1329942859375 0.07703571406250001 0.223838571875 0.127181428125 0.2485471421875 0.1736928578125 0.1555242859375
0 0.109011428125 0.161338571875 0.1279071421875 0.127181428125 0.051598571875 0.0879371421875 0.0385171421875 0.11410000000000001 0.0552328578125 0.131541428125 0.109011428125 0.161338571875
0 0.10683142812499999 0.16569857187499998 0.048691428125000005 0.133721428125 0.0363371421875 0.1213671421875 0.0036342859375 0.1795071421875 0.0552328578125 0.201308571875 0.07703571406250001 0.22093142812500002 0.10683142812499999 0.16569857187499998
0 0.00436 0.100291428125 0.0007271421875 0.1736928578125 0.03125 0.1148257140625 0.00436 0.100291428125
0 0.22965285781250003 0.3052342859375 0.2914257140625 0.21003 0.2623557140625 0.196221428125 0.2470942859375 0.2151171421875 0.20203571406249998 0.2936057140625 0.22965285781250003 0.3052342859375
0 0.2536342859375 0.31976857187499996 0.3292171421875 0.232558571875 0.2979671421875 0.21657142812500002 0.2936057140625 0.21366428593750003 0.2311057140625 0.3052342859375 0.2536342859375 0.31976857187499996
0 0.33866428593750003 0.368461428125 0.401891428125 0.2710771421875 0.33575714218749997 0.2383728578125 0.2892457140625 0.2827042859375 0.2609028578125 0.32413 0.33866428593750003 0.368461428125
0 0.42950714218749997 0.3829957140625 0.46947857187500003 0.30741428593750003 0.41206571406250003 0.276891428125 0.40915857187500004 0.27253 0.3626471421875 0.34956571406250003 0.42950714218749997 0.3829957140625
0 0.3561057140625 0.51381 0.4157 0.40479857187499996 0.3088671421875 0.35538 0.252181428125 0.465118571875 0.3561057140625 0.51381
0 0.3524728578125 0.348838571875 0.343751428125 0.370641428125 0.4171528578125 0.401891428125 0.4280542859375 0.3851757140625 0.3524728578125 0.348838571875
0 0.30450714218749997 0.35319857187500003 0.2514542859375 0.32631 0.22165857187500002 0.3764557140625 0.27543714218750004 0.40770571406249995 0.30450714218749997 0.35319857187500003
0 0.2514542859375 0.4593042859375 0.27471 0.40915857187500004 0.22020428593750002 0.3815428578125 0.1954957140625 0.43532142812499997 0.2514542859375 0.4593042859375
0 0.3851757140625 0.5356128578125 0.35974 0.5196242859375 0.312501428125 0.62355 0.348111428125 0.6431714281249999 0.3851757140625 0.5356128578125
0 0.316861428125 0.49782142812499997 0.2783442859375 0.48038 0.1758728578125 0.69041 0.2107571421875 0.7093057140625 0.316861428125 0.49782142812499997
0 0.3590128578125 0.5167171421875 0.31976857187499996 0.49709571406249997 0.21221 0.7100328578124999 0.252181428125 0.731108571875 0.3590128578125 0.5167171421875
0 0.28779142812499997 0.7361957140625 0.3452057140625 0.647531428125 0.312501428125 0.63009 0.3117742859375 0.6250028578125 0.2609028578125 0.7209328578124999 0.28779142812499997 0.7361957140625
0 0.12282 0.880818571875 0.15988428593749998 0.8975328578124999 0.24927428593749998 0.7427357140625 0.2129371421875 0.728201428125 0.20930285781250002 0.7231142859374999 0.17878 0.7798 0.12282 0.880818571875
0 0.20567000000000002 0.7231142859374999 0.16933285781250002 0.701311428125 0.1257271421875 0.78416 0.15988428593749998 0.80669 0.20567000000000002 0.7231142859374999
0 0.11991285781250001 0.8829985718750001 0.15770428593750002 0.8081428578125 0.125 0.7899742859375001 0.11046571406250001 0.819771428125 0.08503 0.8626485718750001 0.11991285781250001 0.8829985718750001
0 0.18604714218750001 0.9106142859374999 0.2827042859375 0.74855 0.25726857187499996 0.734741428125 0.230378571875 0.7805271421875 0.15988428593749998 0.90044 0.18604714218750001 0.9106142859374999
0 0.069041428125 0.9287828578124999 0.029797142187499997 0.998551428125 0.20494285781250002 0.998551428125 0.069041428125 0.9287828578124999
0 0.18604714218750001 0.9164285718749999 0.11191857187500001 0.884451428125 0.08503 0.922968571875 0.1642442859375 0.9687542859375 0.18604714218750001 0.9164285718749999
0 0.013808571875 0.889538571875 0.0821228578125 0.9258757140625 0.109011428125 0.880818571875 0.02471 0.8364857140625 0.0050871421875 0.8539285718749999 0 0.8786371421875 0.013808571875 0.889538571875
0 0.0210757140625 0.8277657140624999 0.040698571875 0.7892471421875 0.0029071421875 0.7630842859375 0 0.8575614281249999 0.017441428125 0.8393928578125 0.0210757140625 0.8277657140624999
0 0.0588671421875 0.759451428125 0.0007271421875 0.72384 0 0.7579971421875 0.042878571875 0.7885214281249999 0.0588671421875 0.759451428125
0 0.0654071421875 0.9331442859375001 0 0.8924457140625 0.0007271421875 0.998551428125 0.0283428578125 0.9970971421874999 0.0654071421875 0.9331442859375001
0 0.25654142812499997 1 0.27325714218749997 0.9702071421875 0.189681428125 0.92951 0.1686057140625 0.969481428125 0.22456428593750002 1 0.25654142812499997 1
0 0.34956571406250003 1 0.373548571875 0.9593071421875001 0.312501428125 0.9309628578125 0.2739842859375 1 0.34956571406250003 1
0 0.43459428593749994 0.998551428125 0.399711428125 0.9752957140625 0.3764557140625 0.9614871421875 0.3539257140625 0.9970971421874999 0.43459428593749994 0.998551428125
0 0.3030542859375 0.9236957140625 0.2114828578125 0.8829985718750001 0.189681428125 0.9215157140624999 0.283431428125 0.9702071421875 0.3030542859375 0.9236957140625
0 0.31831571406250003 0.8546557140625 0.250728571875 0.817591428125 0.2114828578125 0.8764571421875 0.2892457140625 0.911341428125 0.31831571406250003 0.8546557140625
0 0.2514542859375 0.8132300000000001 0.3204957140625 0.8473871421875 0.3648271421875 0.759451428125 0.311048571875 0.7318342859375 0.30596 0.7340142859375 0.279071428125 0.763811428125 0.2514542859375 0.8132300000000001
0 0.3917171421875 0.8880857140625 0.408431428125 0.860468571875 0.43822857187500003 0.797241428125 0.375001428125 0.766718571875 0.36700714218749997 0.763811428125 0.32194857187500003 0.851021428125 0.3917171421875 0.8880857140625
0 0.3873557140625 0.891718571875 0.3226757140625 0.856108571875 0.29069857187500003 0.9142485718750001 0.3648271421875 0.9476785718749999 0.3873557140625 0.891718571875
0 0.4905542859375 0.9106142859374999 0.4106128578125 0.8677371421875 0.3895371421875 0.9048 0.465118571875 0.9505857140625 0.4905542859375 0.9106142859374999
0 0.3859028578125 0.9084342859375001 0.3677342859375 0.9440442859375 0.43822857187500003 0.9905571421875001 0.4585771421875 0.9527657140624999 0.3859028578125 0.9084342859375001
0 0.5174442859374999 0.998551428125 0.523258571875 0.9803828578125 0.47165857187500004 0.952038571875 0.43968285781249994 0.99201 0.4498571421875 0.998551428125 0.5174442859374999 0.998551428125
0 0.5443342859375 0.848841428125 0.44913 0.795788571875 0.411338571875 0.8633757140625 0.5087228578125 0.915701428125 0.5443342859375 0.848841428125
0 0.5770371421875 0.7885214281249999 0.48038 0.733288571875 0.44695 0.7877942859375 0.5479671421875 0.848841428125 0.5770371421875 0.7885214281249999
0 0.6642471421875 0.8473871421875 0.5806714281249999 0.791428571875 0.5595957140625 0.828491428125 0.645351428125 0.8880857140625 0.6642471421875 0.8473871421875
0 0.6068342859375 0.9665742859374999 0.6460785718750001 0.8902657140624999 0.5574157140625 0.8335800000000001 0.5123571421875 0.915701428125 0.6068342859375 0.9665742859374999
0 0.7725028578125 0.9280571421875001 0.748521428125 0.912068571875 0.7543342859375 0.8924457140625 0.7325328578125 0.8779114281249999 0.7376199999999999 0.8590157140624999 0.7398 0.8502942859375 0.7187242859375 0.8393928578125 0.704188571875 0.8626485718750001 0.68166 0.8459342859375001 0.647531428125 0.9287828578124999 0.752881428125 1 0.79576 0.9556728578125 0.7688699999999999 0.942591428125 0.7725028578125 0.9280571421875001
0 0.748521428125 1 0.6424157140625 0.9309628578125 0.6024442859375 1 0.748521428125 1
0 0.7107300000000001 0.7652657140625 0.661311428125 0.7514571421875 0.6162528578125 0.72384 0.5820957140624999 0.7856142859374999 0.6671257140625 0.8430271421875 0.7107300000000001 0.7652657140625
0 0.5871828578125 0.77326 0.6177057140625 0.7093057140625 0.5711942859375 0.6918642859374999 0.5268628578125 0.6562528578125 0.509421428125 0.672968571875 0.482531428125 0.72384 0.5871828578125 0.77326
0 0.3742457140625 0.65916 0.3517171421875 0.641718571875 0.30302428593749997 0.72166 0.337908571875 0.7391028578125 0.3742457140625 0.65916
0 0.4084028578125 0.65916 0.3829671421875 0.648258571875 0.3364557140625 0.7383757140625 0.36407142812500004 0.7536371421875 0.4084028578125 0.65916
0 0.4389257140625 0.6736942859374999 0.40985714218749997 0.6584328578124999 0.36552428593749997 0.7543642859374999 0.3916871421875 0.7696257140625 0.4389257140625 0.6736942859374999
0 0.46509 0.6824157140625 0.44038000000000005 0.672968571875 0.393868571875 0.766718571875 0.41349 0.78416 0.46509 0.6824157140625
0 0.4970657140625 0.6940442859375 0.47526428593750003 0.676601428125 0.42075714218750004 0.7848871421875 0.44256 0.793608571875 0.4970657140625 0.6940442859375
0 0.577008571875 0.5726771421875 0.6075314281249999 0.525438571875 0.543578571875 0.4992757140625 0.5384914281250001 0.49782142812499997 0.516688571875 0.5407 0.577008571875 0.5726771421875
0 0.6024442859375 0.522531428125 0.6620385718749999 0.4011642859375 0.610438571875 0.37790857187500004 0.610438571875 0.37863571406249996 0.5450314281249999 0.493461428125 0.6024442859375 0.522531428125
0 0.5639271421875 0.3539257140625 0.47526428593750003 0.523258571875 0.516688571875 0.5348857140625001 0.605351428125 0.3764557140625 0.5639271421875 0.3539257140625
0 0.518868571875 0.3335771421875 0.47526428593750003 0.41788 0.514508571875 0.442588571875 0.5631999999999999 0.3546528578125 0.518868571875 0.3335771421875
0 0.47163000000000005 0.3095942859375 0.4309328578125 0.38881 0.4709028578125 0.41788 0.516688571875 0.33285 0.47163000000000005 0.3095942859375
0 0.46799571406249996 0.42224000000000006 0.428751428125 0.4011642859375 0.3786057140625 0.48764714218750005 0.4185771421875 0.50509 0.46799571406249996 0.42224000000000006
0 0.5101471421875 0.44695 0.47235714218749997 0.42369428593749997 0.420031428125 0.50945 0.47163000000000005 0.522531428125 0.5101471421875 0.44695
0 0.5086942859375 0.5421542859375 0.46509 0.5276185718749999 0.424391428125 0.6526185718749999 0.44183285781250003 0.6606128578125 0.5086942859375 0.5421542859375
0 0.39968142812499996 0.5356128578125 0.37788 0.6242757140624999 0.4033157140625 0.6395371421875 0.4280257140625 0.5145371421875 0.37788 0.4927342859375 0.36843142812499996 0.5007285718750001 0.36189142812499997 0.5130842859375 0.39968142812499996 0.5356128578125
0 0.4643628578125 0.5239842859375 0.43674571406249996 0.5188971421875 0.4040428578125 0.6424442859374999 0.42075714218750004 0.65698 0.4643628578125 0.5239842859375
0 0.5624728578125 0.6780557140625 0.6256999999999999 0.712938571875 0.6852942859375 0.7361957140625 0.7637828578125 0.6002928578125 0.6118928578125 0.529798571875 0.5675600000000001 0.5937528578125 0.542851428125 0.6526185718749999 0.5624728578125 0.6780557140625
0 0.719451428125 0.672968571875 0.6605842859375 0.638811428125 0.6162528578125 0.704218571875 0.68384 0.735468571875 0.719451428125 0.672968571875
0 0.789218571875 0.616281428125 0.7674157140625 0.6068342859375 0.7230842859375 0.672968571875 0.7448871421875001 0.6896828578124999 0.789218571875 0.616281428125
0 0.7143642859375 0.7492771421875 0.74416 0.6940442859375 0.722358571875 0.675148571875 0.6889271421875 0.7383757140625 0.7143642859375 0.7492771421875
0 0.8451785718749999 0.5000028578125 0.8211957140624999 0.48183285781249996 0.762328571875 0.4418628578125 0.667851428125 0.4055257140625 0.6068057140625001 0.5218042859375001 0.7906728578125 0.614101428125 0.8451785718749999 0.5000028578125
0 0.5334028578125001 0.0319771421875 0.48471142812499995 0.011628571875 0.42657142812500004 0.1257271421875 0.47526428593750003 0.15043714218749998 0.5334028578125001 0.0319771421875
0 0.3924142859375 0 0.37715285781249996 0.0094471421875 0.34808285781250003 0.080668571875 0.424391428125 0.127181428125 0.4788971421875 0.0079942859375 0.46872285781249995 0 0.3924142859375 0
0 0.2892157140625 0.0014528578125000001 0.26596000000000003 0.046511428125 0.342268571875 0.080668571875 0.3815128578125 0 0.2892157140625 0.0014528578125000001
0 0.3895071421875 0.10828571406250001 0.32192 0.0792157140625 0.30157142812500004 0.125 0.3611642859375 0.1620642859375 0.3895071421875 0.10828571406250001
0 0.31683285781250003 0.075581428125 0.26232714218750003 0.053779999999999994 0.21290857187499998 0.14389571406249999 0.26596000000000003 0.17514571406249999 0.31683285781250003 0.075581428125
0 0.120611428125 0.10319857187499999 0.1736642859375 0.12863428593749998 0.22235571406250002 0.0327042859375 0.17729714218749998 0.0007271421875 0.1714828578125 0.00218 0.14096 0.037064285937500004 0.120611428125 0.10319857187499999
0 0.24706571406250002 0.0501457140625 0.24706571406250002 0.048691428125000005 0.2252628578125 0.03561 0.17729714218749998 0.1300871421875 0.19692 0.1460757140625 0.24706571406250002 0.0501457140625
0 0.1794771421875 0.0007271421875 0.24851857187499998 0.0414242859375 0.27468142812499996 0.0007271421875 0.1794771421875 0.0007271421875
0 0.3989557140625 0.11337285781249999 0.397501428125 0.11337285781249999 0.3386357140625 0.21802428593749998 0.37061142812500003 0.2383728578125 0.424391428125 0.13226857187500002 0.3989557140625 0.11337285781249999
0 0.3611642859375 0.1642442859375 0.29721000000000003 0.129361428125 0.2710471421875 0.18604714218750001 0.33354857187500003 0.22020428593750002 0.3611642859375 0.1642442859375
0 0.44401428593750003 0.140988571875 0.4309328578125 0.1300871421875 0.3720657140625 0.2391 0.3945942859375 0.24927428593749998 0.44401428593750003 0.140988571875
0 0.4992471421875 0.167151428125 0.45055428593749997 0.140988571875 0.39314142812499997 0.250001428125 0.4476471421875 0.276891428125 0.4992471421875 0.167151428125
0 0.5690142859375 0.20276285781249997 0.49997285781249995 0.1664257140625 0.4461942859375 0.2783442859375 0.515961428125 0.314681428125 0.5690142859375 0.20276285781249997
0 0.5755542859375 0.2071228578125 0.520321428125 0.31613571406249996 0.59009 0.34956571406250003 0.6242471421875 0.28779142812499997 0.64605 0.2441871421875 0.5755542859375 0.2071228578125
0 0.6649442859375 0.3873557140625 0.7034628578125 0.3001471421875 0.7143642859375 0.27979714218749996 0.665671428125 0.2485471421875 0.6475028578125 0.2485471421875 0.5915428578124999 0.3524728578125 0.6649442859375 0.3873557140625
0 0.7470671421875 0.3212228578125 0.70855 0.29942 0.670758571875 0.38445 0.7012828578125 0.39753142812500003 0.7470671421875 0.3212228578125
0 0.7427071421875 0.4157 0.7834042859375 0.3430242859375 0.750701428125 0.3234028578125 0.7063699999999999 0.39753142812500003 0.7427071421875 0.4157
0 0.819741428125 0.36192 0.786311428125 0.3430242859375 0.74634 0.4171528578125 0.77759 0.431688571875 0.819741428125 0.36192
0 0.844451428125 0.40334428593749994 0.8117471421875001 0.3859028578125 0.7790442859375 0.430961428125 0.8102942859375 0.45276428593749996 0.844451428125 0.40334428593749994
0 0.8589857140625 0.442588571875 0.8771557140624999 0.4542171421875 0.8924171421875 0.426601428125 0.8480857140625 0.402618571875 0.8102942859375 0.4484028578125 0.842271428125 0.47020571406249995 0.8589857140625 0.442588571875
0 0.8437242859375 0.3364842859375 0.8139285718749999 0.3829957140625 0.894538571875 0.42587428593750004 0.9199757140625 0.3793628578125 0.8437242859375 0.3364842859375
0 1 0.4426042859375 0.9257457140625001 0.3910042859375 0.9250628578125 0.39317 0.87342 0.48257428593749996 1 0.56179 1 0.4426042859375
0 0.90685 0.587211428125 0.9344657140624999 0.5392471421875 0.8588842859374999 0.5007285718750001 0.8283614281249999 0.5625028578125 0.8995828578125 0.6046542859375 0.90685 0.587211428125
0 0.96499 0.641718571875 1 0.66352 0.9991471421875 0.576311428125 0.96499 0.641718571875
0 0.9700771421875001 0.5595957140625 0.9577228578125 0.5755842859375 0.9795242859375 0.59884 0.9969671421875 0.5748571421875 0.9700771421875001 0.5595957140625
0 0.9533614281249999 0.5806714281249999 0.9635357140625 0.558141428125 0.9366471421875 0.5421542859375 0.9162971421874999 0.5835785718750001 0.9722571421874999 0.6206428578125001 0.9809785718749999 0.6032 0.9533614281249999 0.5806714281249999
0 0.9548157140625 0.6460785718750001 0.9141171421875001 0.62355 0.8646985718750001 0.678781428125 0.90685 0.7122128578125 0.9548157140625 0.6460785718750001
0 0.9141171421875001 0.5901185718749999 0.8988557140625 0.610468571875 0.956268571875 0.6424442859374999 0.9628099999999999 0.618461428125 0.9141171421875001 0.5901185718749999
0 0.8741457140625 0.59448 0.831268571875 0.6584328578124999 0.8610642859375 0.676601428125 0.9119371421875 0.617008571875 0.8741457140625 0.59448
0 0.8232742859375 0.5690428578125 0.7912971421874999 0.6351771421875 0.8269071421874999 0.6577071421875 0.8705128578125001 0.5915728578125 0.8232742859375 0.5690428578125
0 1 0.7223871421875 0.93592 0.6809628578125 0.8974028578125001 0.7398285718750001 0.9417342859375 0.78416 0.9991471421875 0.8306728578125 1 0.7223871421875
0 0.9657171421875 0.645351428125 0.93592 0.679508571875 0.9606299999999999 0.6954971421875 0.9838857140625 0.6562528578125 0.9657171421875 0.645351428125
0 0.987518571875 0.6620671421875 0.9657171421875 0.6991314281250001 0.99842 0.7187528578125 1 0.6678814281250001 0.987518571875 0.6620671421875
0 0.7636814281250001 0.7877942859375 0.8341757140625001 0.7143928578125001 0.8232742859375 0.701311428125 0.8276342859374999 0.68823 0.7934771421875 0.6577071421875 0.7760357140624999 0.6853228578125 0.736791428125 0.75509 0.7636814281250001 0.7877942859375
0 0.8806871421875 0.8335800000000001 0.839988571875 0.8575614281249999 0.8886814281250001 0.92515 0.9431871421875 0.8829985718750001 0.8806871421875 0.8335800000000001
0 0.5962385718750001 0.069868571875 0.536208571875 0.0392442859375 0.509318571875 0.09302428593749999 0.5655528578125 0.1255742859375 0.5962385718750001 0.069868571875
0 0.50796 0.10008142812500001 0.48105142812499996 0.14729 0.5405328578125 0.176558571875 0.565081428125 0.1298228578125 0.50796 0.10008142812500001
0 0.565081428125 0.195441428125 0.5934057140625 0.138791428125 0.5731071421875 0.1284057140625 0.5679142859375 0.12651714218750001 0.5381728578125 0.181751428125 0.565081428125 0.195441428125
0 0.6255071421875 0.081198571875 0.6019042859375 0.0689242859375 0.5683857140625 0.12462999999999999 0.5957671421875 0.1373757140625 0.6255071421875 0.081198571875
0 0.6448628578125 0.168061428125 0.67366 0.1057457140625 0.6316442859375 0.0845028578125 0.6255071421875 0.086391428125 0.5995428578124999 0.13973571406250002 0.6448628578125 0.168061428125
0 0.593878571875 0.145401428125 0.5735785718749999 0.186 0.6222028578125001 0.206771428125 0.641558571875 0.17089285781250002 0.593878571875 0.145401428125
0 0.6878228578125001 0.1935528578125 0.646278571875 0.17231000000000002 0.626451428125 0.20441142812500002 0.6679957140624999 0.2256542859375 0.6878228578125001 0.1935528578125
0 0.7203957140624999 0.1284057140625 0.6774371421875001 0.108578571875 0.6472228578125 0.1666442859375 0.686878571875 0.1916657140625 0.7203957140624999 0.1284057140625
0 0.754858571875 0.2190457140625 0.7902642859375 0.1623957140625 0.7265328578125 0.1326542859375 0.72134 0.1284057140625 0.6953757140625 0.18269571406250001 0.754858571875 0.2190457140625
0 0.6793242859374999 0.25350714218750003 0.7156757140625001 0.2714471421875 0.753441428125 0.22187857187499999 0.6949042859375 0.186471428125 0.662801428125 0.2393457140625 0.6793242859374999 0.25350714218750003
0 0.7501371421874999 0.3167671421875 0.7770457140625 0.2686142859375 0.785071428125 0.252091428125 0.750608571875 0.237928571875 0.734558571875 0.2549242859375 0.711898571875 0.2993 0.7501371421874999 0.3167671421875
0 0.8129242859374999 0.2893857140625 0.7775185718750001 0.2690857140625 0.751081428125 0.320071428125 0.7855428578125 0.3413142859375 0.8129242859374999 0.2893857140625
0 0.8587157140624999 0.29269 0.8294471421875 0.27286285781249997 0.7883757140625 0.3408428578125 0.82331 0.3597257140625 0.8587157140624999 0.29269
0 0.78696 0.25162 0.807258571875 0.21668571406249998 0.77563 0.1897771421875 0.7628828578125 0.20960428593749997 0.7496657140625 0.2322642859375 0.78696 0.25162
0 0.8827914281250001 0.2114928578125 0.8809042859374999 0.201578571875 0.7978171421875 0.1576757140625 0.78035 0.18033571406249999 0.8686299999999999 0.23651285781250003 0.8827914281250001 0.2114928578125
0 0.789791428125 0.252091428125 0.8223657140625 0.274751428125 0.8525785718750001 0.22659857187500002 0.8162285718750001 0.20299428593750002 0.789791428125 0.252091428125
0 0.8606042859375 0.292218571875 0.8851528578125001 0.246898571875 0.8554114281249999 0.2322642859375 0.8535228578125 0.229431428125 0.8294471421875 0.2705028578125 0.8606042859375 0.292218571875
0 0.847858571875 0.3347057140625 0.9238628578125001 0.37483285781250003 0.95502 0.303548571875 0.8804314281250001 0.2648371421875 0.847858571875 0.3347057140625
0 0.9578528578125001 0.299771428125 0.9918428578125 0.22896 0.9248071421875 0.18930428593749998 0.8993142859375001 0.2214057140625 0.8790157140625 0.26247714218749996 0.9578528578125001 0.299771428125
0 0.8917614281249999 0.1760857140625 0.8167 0.13076714218750002 0.795928571875 0.153898571875 0.8813757140625 0.1987457140625 0.8917614281249999 0.1760857140625
0 0.7775185718750001 0.07034 0.723228571875 0.0443757140625 0.6859342859375 0.1057457140625 0.7454157140625 0.1350157140625 0.7775185718750001 0.07034
0 0.8247257140625001 0.09394428593750001 0.782711428125 0.07222857187500001 0.7482485718749999 0.13832 0.7921528578125 0.1548428578125 0.8247257140625001 0.09394428593750001
0 0.7218128578125 0.035878571875 0.6585528578125001 0.0014157140625 0.6231471421875 0.069868571875 0.6840457140625 0.10621857187499999 0.7218128578125 0.035878571875
0 0.5801885718750001 0 0.557528571875 0.0424871421875 0.6146499999999999 0.068451428125 0.6571371421875 0 0.5801885718750001 0
0 0.6609142859375 0 0.7218128578125 0.03399 0.7388071421875 0 0.6609142859375 0
0 0.7449442859375 0 0.723228571875 0.041071428125 0.8275585718749999 0.093 0.8440814281250001 0.054290000000000005 0.7600514281249999 0 0.7449442859375 0
0 0.8742942859375 0.010385714062499999 0.8657971421875 0.00047142812499999996 0.7633557140625 0 0.8544671421875 0.051457142187500006 0.8742942859375 0.010385714062499999
0 0.971071428125 0.0712842859375 0.877598571875 0.0151071421875 0.8563557140625001 0.052401428125 0.9540757140625 0.0986642859375 0.971071428125 0.0712842859375
0 0.8393599999999999 0.07789285781250001 0.9262228578125 0.12085285781249999 0.9394414281250001 0.0963042859375 0.8492742859375 0.051457142187500006 0.8393599999999999 0.07789285781250001
0 0.9884471421875001 0.224091428125 0.9998557140625 0.208608571875 1 0.16623571406249998 0.9680757140624999 0.1458628578125 0.9623714281250001 0.145048571875 0.9305914281250001 0.187421428125 0.9884471421875001 0.224091428125
0 0.9418028578125 0.0967771421875 0.9295285718749999 0.122741428125 1 0.15437 0.9993957140624999 0.122741428125 0.9418028578125 0.0967771421875
0 0.9540757140625 0.054290000000000005 0.9743757140625 0.025019999999999997 0.9351928578125 0.0009442859374999999 0.8724057140625 0.0014157140625 0.8818471421874999 0.0127457140625 0.9540757140625 0.054290000000000005
0 0.9427457140625 0 0.9691828578124999 0.0174671421875 0.9833457140625 0 0.9427457140625 0
0 0.9748485718750001 0.0727 0.9587971421875 0.099608571875 0.999868571875 0.120381428125 0.9993957140624999 0.085918571875 0.9748485718750001 0.0727
0 0.9757914281250001 0.026908571875 0.9536042859375 0.058538571875 1 0.083558571875 0.999868571875 0.0401271421875 0.9757914281250001 0.026908571875
0 0.9998557140625 0.27054 0.9868171421874999 0.26402000000000003 0.9436285718749999 0.3552871421875 1 0.39766 0.9998557140625 0.27054
0 0.8181371421874999 0.9998557140625 0.8409542859375 0.96563 0.8132485718750001 0.9460728578125 0.8124328578125001 0.9428142859375 0.7537628578125 0.9998557140625 0.8181371421874999 0.9998557140625
0 0.7423542859375 0.7863571421875 0.721981428125 0.7684300000000001 0.6787928578125 0.8360657140625 0.70487 0.8596971421875 0.7423542859375 0.7863571421875
0 0.7692442859375 0.8132485718750001 0.7456128578125 0.7928771421875 0.7179071421875001 0.8360657140625 0.7439842859375 0.8515471421875 0.7692442859375 0.8132485718750001
0 0.830361428125 0.828731428125 0.9037000000000001 0.7529471421875 0.890661428125 0.73176 0.8963657140624999 0.713018571875 0.8580671421874999 0.6787928578125 0.8262871421875 0.6991657140624999 0.8409542859375 0.7170928578125 0.7847271421875 0.7806528578124999 0.830361428125 0.828731428125
0 0.6014542859375 0.9676971421875 0.497811428125 0.9156071421875 0.487071428125 0.9354771421875 0.5869557140625 0.9929371421875001 0.6014542859375 0.9676971421875
0 0.5670857140625001 0.983271428125 0.48438571406250003 0.9360142859374999 0.4736457140625 0.9494385718749999 0.55903 0.9983071421874999 0.5670857140625001 0.983271428125
0 0.5187542859375001 1 0.5541971421875 0.9999185718750001 0.524661428125 0.9864928578125 0.5187542859375001 1
0 0.11088 0.09347 0.14516 0.0216328578125 0.1126528578125 0.002448571875 0.001511428125 0 0.0064085718750000005 0.0363271421875 0.11088 0.09347