0 0.38682285781250003 0.13719285781249999 0.3744442859375 0.1595428578125 0.3967942859375 0.174328571875 0.4057342859375 0.17811 0.41433 0.1626371421875 0.4308342859375 0.13788142812499998 0.44493142812500003 0.1120928578125 0.4146742859375 0.0928371421875 0.406421428125 0.1041842859375 0.3957628578125 0.1220642859375 0.38682285781250003 0.13719285781249999
0 0.4095157140625 0.1812042859375 0.4439 0.20802428593750003 0.47794 0.13581714218750002 0.45009 0.11690571406250001 0.4387428578125 0.1344428578125 0.4095157140625 0.1812042859375
0 0.5130128578125001 0.156791428125 0.5023528578125 0.1471642859375 0.480691428125 0.1347857140625 0.47851571406250004 0.139648571875 0.44921857187500003 0.2001957140625 0.4463071421875 0.2090557140625 0.4531842859375 0.21421428593749997 0.469001428125 0.224528571875 0.4775971421875 0.2293428578125 0.4834428578125 0.22315428593750003 0.486328571875 0.21386714218749997 0.49754 0.1891128578125 0.5130128578125001 0.156791428125
0 0.5295642859374999 0.21574285781250002 0.5401557140625 0.19397999999999999 0.524341428125 0.18643571406249998 0.519988571875 0.195431428125 0.51491 0.205731428125 0.5101228578125 0.21095571406250002 0.4950342859375 0.20341 0.48894000000000004 0.21675857187499997 0.52173 0.23504 0.5295642859374999 0.21574285781250002
0 0.47820428593750003 0.2317028578125 0.511718571875 0.254191428125 0.52144 0.23620000000000002 0.48981 0.21878999999999998 0.48647428593750003 0.217628571875 0.4845871421875 0.22386714218749998 0.47820428593750003 0.2317028578125
0 0.5096871421875 0.20964999999999998 0.524631428125 0.18484 0.53856 0.1923842859375 0.54741 0.17599 0.5178128578125001 0.1548071421875 0.516361428125 0.15451714218749998 0.494018571875 0.200508571875 0.5096871421875 0.20964999999999998
0 0.5432028578125 0.19644714218749998 0.53 0.2232871421875 0.5144757140625 0.25332 0.544798571875 0.27247142812499997 0.5809242859375 0.199928571875 0.550891428125 0.17990714218749998 0.5478457140625 0.178601428125 0.5413157140625 0.1915142859375 0.5432028578125 0.19644714218749998
0 0.546538571875 0.2731971421875 0.5803442859375 0.296411428125 0.6103771421874999 0.2203857140625 0.5835357140624999 0.20268571406250002 0.5752657140624999 0.21966000000000002 0.5635142859375 0.24331 0.546538571875 0.2731971421875
0 0.5683028578125 0.29554 0.5079457140625 0.2570928578125 0.491551428125 0.2919128578125 0.54857 0.32949 0.5683028578125 0.29554
0 0.47007857187499996 0.3405171421875 0.527968571875 0.3701142859375 0.5461042859374999 0.3319571421875 0.49082571406250003 0.296701428125 0.4798 0.3158528578125 0.47182 0.33181142812500003 0.47007857187499996 0.3405171421875
0 0.425241428125 0.300038571875 0.47124 0.3252828578125 0.48836 0.2942342859375 0.40463857187499996 0.24055285781250002 0.3851971421875 0.2743571421875 0.425241428125 0.300038571875
0 0.3950642859375 0.3804157140625 0.4407657140625 0.40420999999999996 0.46601 0.346901428125 0.47225 0.3278942859375 0.42973857187500003 0.30569571406249996 0.42393571406249997 0.316868571875 0.411748571875 0.3467557140625 0.3950642859375 0.3804157140625
0 0.39492142812500003 0.28553 0.38099 0.32339714218750004 0.4124742859375 0.3421128578125 0.4290142859375 0.3039557140625 0.39549857187500004 0.2853842859375 0.39492142812500003 0.28553
0 0.365758571875 0.34196857187499996 0.356618571875 0.3595228578125 0.35807 0.3661971421875 0.39376142812500003 0.37911 0.412331428125 0.3429828578125 0.37823714218750004 0.32542857187499996 0.3776557140625 0.3245571421875 0.3709828578125 0.3292 0.365758571875 0.34196857187499996
0 0.37373857187500004 0.4222 0.3941957140625 0.38767 0.38998857187499997 0.38578428593749997 0.35807 0.36561714218749997 0.34994428593750004 0.3664871421875 0.33485571406250003 0.3981157140625 0.37373857187500004 0.4222
0 0.45827 0.43242428593750004 0.49428142812500003 0.458851428125 0.5172242859375 0.40076857187500003 0.527678571875 0.372018571875 0.4695971421875 0.34501 0.4559471421875 0.37317999999999996 0.443168571875 0.40831999999999996 0.45827 0.43242428593750004
0 0.527678571875 0.3847957140625 0.513671428125 0.415038571875 0.5099642859375 0.428648571875 0.515191428125 0.43010000000000004 0.5195471421875 0.43242428593750004 0.5986328578125 0.47656285781249996 0.608398571875 0.48046857187500003 0.613281428125 0.4794928578125 0.6289057140625001 0.44043 0.5419928578125 0.38671857187500003 0.5311642859375 0.38015 0.527678571875 0.3847957140625
0 0.604638571875 0.4817942859375 0.5576171421875 0.45703142812499997 0.5230328578125001 0.43561857187499997 0.5093828578124999 0.430391428125 0.49660428593750006 0.459431428125 0.5021228578125 0.463788571875 0.506768571875 0.4678542859375 0.53418 0.486328571875 0.5830071421875 0.513671428125 0.597958571875 0.522451428125 0.6031857140625 0.5102542859375 0.6145114281249999 0.48789285781249997 0.6107371421875001 0.48440714218750003 0.604638571875 0.4817942859375
0 0.59082 0.3593757140625 0.569788571875 0.3470428578125 0.565141428125 0.3429771421875 0.553711428125 0.33593714218750004 0.5477171421875 0.33310285781250004 0.5416185718750001 0.345881428125 0.534648571875 0.360111428125 0.53125 0.366211428125 0.5282600000000001 0.374631428125 0.5947271421875 0.41796857187500003 0.599701428125 0.4202257140625 0.6152342859375 0.3955071421875 0.6171871421875 0.389648571875 0.618578571875 0.3778257140625 0.59082 0.3593757140625
0 0.6347657140625 0.40332 0.6347657140625 0.389648571875 0.6298828578125 0.3847657140625 0.62207 0.3847657140625 0.6152342859375 0.391601428125 0.6152342859375 0.3955071421875 0.613281428125 0.397461428125 0.611328571875 0.40332 0.6035157140625 0.41308571406250005 0.6035157140625 0.415038571875 0.6015628578125 0.4169928578125 0.6015628578125 0.420898571875 0.6123042859375001 0.42968714218750004 0.6142571421875 0.42968714218750004 0.62793 0.4375 0.6328128578125 0.43652285781250005 0.6328128578125 0.43457 0.6406257140625 0.420898571875 0.642578571875 0.4111328578125 0.6347657140625 0.40332
0 0.43847714218749995 0.20507857187499998 0.428648571875 0.1992228578125 0.4189457140625 0.19336 0.40251142812499996 0.18470142812499998 0.402221428125 0.1922528578125 0.400478571875 0.20706428593749998 0.3990257140625 0.2151957140625 0.4101557140625 0.22168000000000002 0.4042971421875 0.23535142812499998 0.40625 0.2392571421875 0.4794928578125 0.28711000000000003 0.49218714218750004 0.2880857140625 0.5019528578125 0.2705071421875 0.50586 0.25293 0.452148571875 0.21288999999999997 0.43847714218749995 0.20507857187499998
0 0.6660157140625 0.17871142812500002 0.6318357140625 0.15429714218749999 0.6259771421875 0.1523442859375 0.61914 0.1572271421875 0.6093757140625 0.170898571875 0.605468571875 0.1806642859375 0.59375 0.1982428578125 0.59375 0.20410142812499998 0.633788571875 0.23242142812500002 0.639648571875 0.23437571406250002 0.644531428125 0.23339857187500002 0.65039 0.22363285781250003 0.6542971421875 0.2080071421875 0.6640628578125 0.1884771421875 0.6660157140625 0.17871142812500002
0 0.6171871421875 0.15331999999999998 0.6171871421875 0.1494142859375 0.6005857140625 0.13281285781250002 0.579101428125 0.1210942859375 0.57037 0.1176171421875 0.5605471421875 0.13378857187499998 0.555268571875 0.141721428125 0.5526542859375 0.14491571406249998 0.550781428125 0.1494142859375 0.543361428125 0.15740285781250002 0.5384242859375 0.1646642859375 0.5514928578125 0.175118571875 0.555268571875 0.1788942859375 0.55957 0.18164 0.577148571875 0.19336 0.5880842859375 0.20038428593750002 0.5917971421875 0.19628857187499998 0.6015628578125 0.18456999999999998 0.611328571875 0.16503857187499998 0.6148028578125 0.15885571406250001 0.6171871421875 0.15331999999999998
0 0.5517571421875 0.1015628578125 0.5302728578125 0.08789 0.5185542859375001 0.082031428125 0.514648571875 0.082031428125 0.49218714218750004 0.116211428125 0.4826657140625 0.1315571421875 0.4881828578125 0.13475142812500002 0.5107428578125 0.15039 0.514648571875 0.15039 0.5322271421875 0.1601557140625 0.536681428125 0.162921428125 0.54278 0.15479 0.5605471421875 0.1259771421875 0.569788571875 0.113551428125 0.5517571421875 0.1015628578125
0 0.5105442859375 0.078701428125 0.47558571406250005 0.0527342859375 0.45827 0.0438528578125 0.45275285781249996 0.0531457140625 0.4414057140625 0.07324285781249999 0.43163999999999997 0.0869142859375 0.4269057140625 0.0964171421875 0.43910285781249997 0.1039671421875 0.46972714218749995 0.125 0.4774371421875 0.1306857140625 0.48046857187500003 0.1259771421875 0.49021571406250003 0.11035714218749999 0.4980471421875 0.09668 0.506188571875 0.085381428125 0.5105442859375 0.078701428125
0 0.44531285781249996 0.05957 0.44921857187500003 0.05175714218750001 0.45312571406249996 0.047851428125 0.45312571406249996 0.040038571875 0.44433571406250005 0.035155714062499996 0.44043 0.03125 0.4335942859375 0.0322271421875 0.43163999999999997 0.040038571875 0.42773428593749996 0.045898571875 0.42773428593749996 0.0498042859375 0.41211000000000003 0.079101428125 0.41211000000000003 0.0888671421875 0.4189457140625 0.09375 0.422851428125 0.09375 0.4248042859375 0.0957028578125 0.42578142812499997 0.0947271421875 0.4335942859375 0.084961428125 0.4414057140625 0.0673828578125 0.44531285781249996 0.0634771421875 0.44531285781249996 0.05957
0 0.43068142812500004 0.0389157140625 0.43163999999999997 0.0361328578125 0.4355471421875 0.02832 0.4355471421875 0.026367142187499998 0.4267571421875 0.019531428125 0.420898571875 0.019531428125 0.41406285781249996 0.026367142187499998 0.41211000000000003 0.030272857812499998 0.41211000000000003 0.040038571875 0.4101557140625 0.0419928578125 0.4101557140625 0.045898571875 0.39843714218750004 0.0615228578125 0.39843714218750004 0.06543 0.3964842859375 0.0673828578125 0.3964842859375 0.0693357140625 0.4023442859375 0.0751957140625 0.4023442859375 0.077148571875 0.40527285781250005 0.080078571875 0.40918 0.082031428125 0.4101557140625 0.0810542859375 0.41325714218750004 0.0746357140625 0.4271957140625 0.0455942859375 0.42968714218750004 0.0419928578125 0.43068142812500004 0.0389157140625
0 0.4892571421875 0.023437142187500003 0.4814457140625 0.0156257140625 0.47558571406250005 0.013671428125000001 0.457108571875 0.00029 0.43155285781249997 0.000581428125 0.4274871421875 0.0124871421875 0.43242428593750004 0.0212 0.4411357140625 0.026718571875000003 0.46191428593749995 0.042968571875 0.4736328578125 0.05078142812500001 0.4983471421875 0.06737571406250001 0.5107428578125 0.074218571875 0.51461 0.071441428125 0.5166428578125 0.06999 0.5265171421875 0.055468571875 0.529421428125 0.0476271421875 0.5126957140624999 0.03711 0.4892571421875 0.023437142187500003
0 0.5166428578125 0.07492571406250001 0.6026057140625001 0.1318471421875 0.6281614281250001 0.08421999999999999 0.576758571875 0.05169285781250001 0.5244842859375 0.0156828578125 0.4910871421875 0.00029 0.48382714218749995 0.013068571875 0.49660428593750006 0.0243942859375 0.534358571875 0.048788571875 0.5166428578125 0.07492571406250001
0 0.5970871421874999 0.001451428125 0.4980571421875 0.00029 0.607251428125 0.06766571406250001 0.6345500000000001 0.0232328578125 0.5970871421874999 0.001451428125
0 0.6031857140625 0.001451428125 0.64849 0.02817 0.667948571875 0.0008714281250000001 0.6017342859375 0 0.6031857140625 0.001451428125
0 0.7080242859375 0.071151428125 0.6386157140625001 0.027298571875 0.612478571875 0.07028 0.6911814281249999 0.118778571875 0.7080242859375 0.071151428125
0 0.670271428125 0 0.6522657140625 0.028751428125 0.710348571875 0.069408571875 0.7274828578125 0.028751428125 0.676951428125 0 0.670271428125 0
0 0.689148571875 0.1237157140625 0.6299042859374999 0.0885757140625 0.6058 0.1321371421875 0.66969 0.1780228578125 0.689148571875 0.1237157140625
0 0.627 0.2915742859375 0.6801457140625 0.3139357140625 0.7181885718750001 0.21142 0.670561428125 0.18586428593749998 0.6659157140625 0.1957371421875 0.649651428125 0.239008571875 0.627 0.2915742859375
0 0.5819857140625 0.3008671421875 0.614221428125 0.3209057140625 0.6429728578125 0.24249428593750003 0.613931428125 0.2212942859375 0.6101557140625 0.2227457140625 0.59883 0.2552728578125 0.5819857140625 0.3008671421875
0 0.6238057140625 0.3786971421875 0.6391971421875 0.3397828578125 0.57734 0.302318571875 0.5668842859375001 0.3055142859375 0.5517828578125 0.33107000000000003 0.6238057140625 0.3786971421875
0 0.45335857187500006 0.47217000000000003 0.48471000000000003 0.4975228578125 0.52233 0.5266928578125001 0.564041428125 0.552318571875 0.5784900000000001 0.5253300000000001 0.5387028578125 0.5006571421875 0.5238157140624999 0.4907328578125 0.4879757140625 0.4637142859375 0.4554442859375 0.4389028578125 0.44354428593749995 0.4479071421875 0.4391828578125 0.4604471421875 0.45335857187500006 0.47217000000000003
0 0.5544228578125 0.5945742859375 0.532211428125 0.6377142859375 0.5091471421875 0.6753028578125 0.5433171421874999 0.699648571875 0.5706542859375 0.6445485718749999 0.6073871421875 0.56681 0.620628571875 0.5450257140625 0.58475 0.5253771421875 0.5710814281250001 0.5497242859375 0.5732171421875 0.5612571421875 0.5544228578125 0.5945742859375
0 0.4647242859375 0.541608571875 0.45660857187500004 0.5843228578125 0.47369428593749996 0.6031171421875 0.459171428125 0.644121428125 0.50573 0.674021428125 0.5287942859375 0.6274628578125 0.5586942859375 0.5779157140625 0.565528571875 0.5561314281249999 0.483518571875 0.50274 0.47625714218750004 0.5091471421875 0.4732671421875 0.5270857140625 0.4647242859375 0.541608571875
0 0.6035442859375 0.729121428125 0.623191428125 0.6898257140624999 0.6812828578125 0.5779157140625 0.6812828578125 0.574071428125 0.623191428125 0.5467342859375 0.5753528578125 0.641131428125 0.54588 0.7009299999999999 0.6035442859375 0.729121428125
0 0.71289 0.686408571875 0.7521871421874999 0.608668571875 0.6868357140625 0.5791971421875 0.6838457140624999 0.580478571875 0.6462571421875001 0.6539457140625 0.71289 0.686408571875
0 0.60696 0.7286942859375001 0.6723128578125 0.76671 0.7103271421875 0.688971428125 0.6424128578125 0.6590714281250001 0.6334428578125 0.6753028578125 0.6227642859375 0.6975128578125 0.60696 0.7286942859375001
0 0.7077642859375 0.7863585718749999 0.7419357140625 0.8064328578125 0.7859314281249999 0.7197242859374999 0.720578571875 0.6859814281250001 0.674021428125 0.7675642859375 0.695378571875 0.782941428125 0.7077642859375 0.7863585718749999
0 0.7880671421875001 0.7167342859375 0.8004528578125001 0.6898257140624999 0.8256542859374999 0.6407042859375001 0.7594485718749999 0.6108042859375 0.7474885718750001 0.6278900000000001 0.7218600000000001 0.6808557140625 0.7880671421875001 0.7167342859375
0 0.6928157140625 0.5753528578125 0.7252771421875 0.4959057140625 0.6402771421875 0.4574628578125 0.6223371421875 0.4933428578125 0.6090957140625 0.5334928578125 0.6928157140625 0.5753528578125
0 0.6535185718750001 0.4185928578125 0.6394228578125001 0.4549 0.726558571875 0.49377000000000004 0.7551771421875 0.41816714218750006 0.6757299999999999 0.3814328578125 0.6748757140625 0.3810057140625 0.6671871421875 0.3844228578125 0.6535185718750001 0.4185928578125
0 0.7914828578125 0.5296485718749999 0.7299757140625001 0.49974999999999997 0.695378571875 0.574498571875 0.7534685718749999 0.6005542859374999 0.7914828578125 0.5296485718749999
0 0.7872128578125 0.5215328578125 0.823518571875 0.44892000000000004 0.76073 0.42072857187499996 0.7325385718749999 0.4839457140625 0.7329657140625 0.4959057140625 0.7872128578125 0.5215328578125
0 0.892291428125 0.0692642859375 0.80184 0.03504 0.7725042859375 0.1075642859375 0.8572514281249999 0.1474928578125 0.892291428125 0.0692642859375
0 0.8132485718750001 0.19801571406250001 0.7496885718749999 0.16868 0.7113885718749999 0.26320571406250004 0.7725042859375 0.289281428125 0.8132485718750001 0.19801571406250001
0 0.719088571875 0.208971428125 0.76031 0.1053442859375 0.783211428125 0.046374285937499996 0.8061114281249999 0.0005728578125 0.7425614281249999 0 0.70134 0.0921757140625 0.6732871421875 0.1826342859375 0.719088571875 0.208971428125
0 0.6804228578125 0 0.726871428125 0.026891428125 0.73991 0 0.6804228578125 0
0 0.9727157140625 0.1013371421875 0.898288571875 0.07271 0.8702342859375 0.1351157140625 0.9469528578125 0.1694671421875 0.9727157140625 0.1013371421875
0 0.8479057140625 0.1666042859375 0.855348571875 0.150001428125 0.7700428578125 0.111641428125 0.7500042859375 0.163168571875 0.83073 0.2021 0.8387457140624999 0.1843528578125 0.8479057140625 0.1666042859375
0 0.9469528578125 0.172901428125 0.866798571875 0.137978571875 0.8335928578124999 0.20439 0.9177542859375001 0.2479028578125 0.9469528578125 0.172901428125
0 0.8250057140625 0.3148871421875 0.860501428125 0.22156571406249997 0.8147 0.20038285781249998 0.791798571875 0.2530542859375 0.7723328578124999 0.29313142812500004 0.8250057140625 0.3148871421875
0 0.7958057140625 0.389888571875 0.82386 0.31775000000000003 0.7133628578125 0.26965857187500003 0.6996228578125 0.2965671421875 0.685881428125 0.337788571875 0.7958057140625 0.389888571875
0 0.79484 0.3913857140625 0.6826128578125 0.338691428125 0.67859 0.34914999999999996 0.6753728578125 0.366848571875 0.712378571875 0.3889728578125 0.7835771421875 0.422358571875 0.79484 0.3913857140625
0 0.7996671421875 0.5309657140625 0.86121 0.558318571875 0.8925857140625 0.48149 0.8270200000000001 0.451321428125 0.8205828578125001 0.46017 0.7896099999999999 0.52453 0.7996671421875 0.5309657140625
0 0.8604057140625001 0.5631457140625 0.834661428125 0.5490671421875 0.795241428125 0.5333785718749999 0.7614528578125 0.5989457140625001 0.764671428125 0.6073928578125 0.8334557140625 0.6395728578125001 0.8604057140625001 0.5631457140625
0 0.7457657140625 0.807711428125 0.751798571875 0.8137457140625 0.8085157140625 0.8443157140625001 0.8587971421875 0.7590399999999999 0.7908171421875 0.7228371421875 0.7799571421875 0.73933 0.7622571421875 0.771911428125 0.7457657140625 0.807711428125
0 0.689048571875 0.94528 0.7441571421875001 0.9750457140625001 0.77513 0.9159157140625 0.8069071421875 0.8463271421874999 0.7509942859375001 0.8173657140625 0.7453628578125 0.8205828578125001 0.7244471421875 0.8676457140625 0.689048571875 0.94528
0 0.685831428125 0.9428671421875 0.709161428125 0.891378571875 0.7425471421875 0.8109299999999999 0.6886471421875 0.7847828578125 0.6600871421875001 0.8406957140625 0.6254942859375 0.9118928578125001 0.685831428125 0.9428671421875
0 0.687841428125 0.7799571421875 0.5518828578125 0.7103671421875 0.48430571406249995 0.836271428125 0.6206671421875 0.9131 0.687841428125 0.7799571421875
0 0.5164842859375 0.77352 0.549468571875 0.7063457140625 0.4589642859375 0.6512371421875 0.4364371421875 0.7047357140625 0.42799 0.723641428125 0.5164842859375 0.77352
0 0.48149 0.8350642859375 0.499188571875 0.8020799999999999 0.5124628578125 0.7759342859375 0.4291971421875 0.7288714281249999 0.3817328578125 0.820181428125 0.46902 0.8676457140625 0.48792571406249996 0.841098571875 0.48149 0.8350642859375
0 0.5048199999999999 0.8551771421875 0.4609742859375 0.916318571875 0.521311428125 0.9517157140625001 0.5599271421875 0.8841385718750001 0.5048199999999999 0.8551771421875
0 0.6206671421875 0.9171228578124999 0.5635471421875 0.8873557140624999 0.52453 0.9513142859375 0.5856714281250001 0.984298571875 0.6206671421875 0.9171228578124999
0 0.5848671421875 0.9846999999999999 0.526138571875 0.9569457140625 0.503211428125 0.9995828578125 0.5788328578125 0.9991814281250001 0.5848671421875 0.9846999999999999
0 0.47626 0.9991814281250001 0.4967742859375 1 0.5193 0.954531428125 0.45091857187500006 0.9155142859375 0.415118571875 0.9657942859374999 0.442068571875 0.9810800000000001 0.47626 0.9991814281250001
0 0.46840857187499996 0.8724728578125 0.41852999999999996 0.8471314281250001 0.377098571875 0.8246057140625 0.3626171421875 0.8543728578125 0.3481371421875 0.8893671421875 0.327621428125 0.925971428125 0.407878571875 0.962978571875 0.4209428578125 0.9476928578124999 0.445078571875 0.9147085718750001 0.46840857187499996 0.8724728578125
0 0.3839371421875 0.9995828578125 0.40244 0.96861 0.3569857140625 0.9432685718749999 0.3388842859375 0.9376371421874999 0.3231971421875 0.93804 0.3063028578125 0.9690128578125 0.2878 1 0.3839371421875 0.9995828578125
0 0.4700171421875 0.9995828578125 0.40726714218750004 0.9726328578125001 0.395601428125 0.9834928578125 0.3867528578125 1 0.4700171421875 0.9995828578125
0 0.210198571875 0.9340171421875001 0.2464 0.962978571875 0.28300428593750004 0.984298571875 0.3043242859375 0.950911428125 0.315988571875 0.9191342859375 0.32279428593750004 0.899021428125 0.26972999999999997 0.863221428125 0.2544457140625 0.8567857140624999 0.2327242859375 0.886551428125 0.210198571875 0.9340171421875001
0 0.276568571875 0.9999857140625 0.281798571875 0.9883200000000001 0.20617571406250002 0.9404528578125 0.1844542859375 0.9714257140625 0.1715828578125 0.9991814281250001 0.276568571875 0.9999857140625
0 0.0963857140625 0.993951428125 0.111671428125 1 0.16434142812500002 0.9979742859374999 0.1812357140625 0.9653928578125001 0.08552571406250001 0.9122957140624999 0.05334571406250001 0.9641857140625 0.0963857140625 0.993951428125
0 0.2001657140625 0.9376371421874999 0.10081142812499999 0.8853457140625001 0.084721428125 0.9102842859375 0.1836742859375 0.9657942859374999 0.2001657140625 0.9376371421874999
0 0.2021771421875 0.932408571875 0.2359657140625 0.860808571875 0.1442542859375 0.8153542859374999 0.1285657140625 0.834661428125 0.1012128578125 0.8805185718749999 0.2021771421875 0.932408571875
0 0.08995 0.8869542859375 0.0003057140625 0.8386842859374999 0 0.8869542859375 0.0698942859375 0.9251671421875001 0.08995 0.8869542859375
0 0.000408571875 0.9432657140625 0 1 0.09618857187499999 0.999591428125 0.0537471421875 0.966938571875 0.000408571875 0.9432657140625
0 0.000708571875 0.9400514281250001 0.0517928578125 0.961771428125 0.071101428125 0.9263742859375 0.000708571875 0.8889657140624999 0.000708571875 0.9400514281250001
0 0.127818571875 0.8238014281250001 0.03329 0.7755314281250001 0.004328571875 0.8366728578125 0.0972471421875 0.8833342859375 0.127818571875 0.8238014281250001
0 0.0019142859375 0.755821428125 0 0.8350642859375 0.027658571875 0.77513 0.0019142859375 0.755821428125
0 0.0698942859375 0.7924257140625001 0.1310357140625 0.8213885718749999 0.162008571875 0.7618557140625 0.137471428125 0.748581428125 0.11896857187500001 0.748581428125 0.1040857140625 0.7425471421875 0.0900071421875 0.7614528578125 0.0771342859375 0.7783471421875 0.0698942859375 0.7924257140625001
0 0.034898571875 0.7743257140625001 0.06868714218750001 0.7904142859375 0.1040857140625 0.7385257140625 0.055011428125 0.7095628578125 0.029670000000000002 0.7421457140625 0.0172 0.764671428125 0.034898571875 0.7743257140625001
0 0 0.751798571875 0.015591428125 0.76266 0.0445528578125 0.716401428125 0.0574242859375 0.6966914281250001 0 0.646008571875 0 0.751798571875
0 0.005132857812500001 0.640778571875 0.0666757140625 0.6898528578125 0.1093142859375 0.6218728578125 0.054608571875 0.5909 0.038921428125000004 0.604978571875 0.0167971421875 0.6150357140625 0.005132857812500001 0.640778571875
0 0.12098 0.732491428125 0.165628571875 0.753408571875 0.1917757140625 0.705541428125 0.1024757140625 0.6504328578125 0.08156 0.6705457140625 0.0735142859375 0.694278571875 0.12098 0.732491428125
0 0.2187257140625 0.721631428125 0.2259657140625 0.6938757140625 0.11333714218749999 0.626298571875 0.0968442859375 0.64641 0.2010271421875 0.7095628578125 0.2187257140625 0.721631428125
0 0.2850957140625 0.7654757140624999 0.19619999999999999 0.712378571875 0.1455171421875 0.8093199999999999 0.2400442859375 0.8515571421875 0.27866 0.787598571875 0.2850957140625 0.7654757140624999
0 0.34020428593749996 0.81455 0.3084271421875 0.8797142859375 0.324918571875 0.8869542859375 0.4105971421875 0.7296757140625 0.3920942859375 0.71962 0.3900828578125 0.7176085718749999 0.36353428593750003 0.7674871421875 0.34020428593749996 0.81455
0 0.29636 0.765878571875 0.3490542859375 0.7956442859374999 0.3908871421875 0.707551428125 0.3389971421875 0.69106 0.3277342859375 0.707551428125 0.31848285781249996 0.7292728578125 0.29636 0.765878571875
0 0.2380328578125 0.694278571875 0.2295857140625 0.6938757140625 0.22154142812500002 0.7220328578124999 0.28751000000000004 0.763061428125 0.3293442859375 0.6810042859375 0.27182285781250004 0.6544557140625 0.26056 0.6681314281249999 0.24929714218750001 0.676578571875 0.2380328578125 0.694278571875
0 0.248491428125 0.6701428578125 0.1612042859375 0.6130242859374999 0.1382757140625 0.6383657140625 0.230391428125 0.6922671421875 0.248491428125 0.6701428578125
0 0.2541228578125 0.6701428578125 0.2710171421875 0.6472157140625 0.166031428125 0.56757 0.1523542859375 0.5756157140625 0.1402871421875 0.594118571875 0.2541228578125 0.6701428578125
0 0.157181428125 0.562341428125 0.1036828578125 0.52453 0.0823642859375 0.549468571875 0.1366671421875 0.5929114281250001 0.157181428125 0.562341428125
0 0.25533 0.85397 0.305208571875 0.8785071421874999 0.344628571875 0.8012757140625 0.296761428125 0.7743257140625001 0.2871071421875 0.7867942859375 0.2669957140625 0.8229971421875 0.25533 0.85397
0 0.8065042859375 0.700311428125 0.7936328578125 0.71801 0.859601428125 0.7546142859375 0.89862 0.678188571875 0.832248571875 0.644801428125 0.820181428125 0.6548571421875 0.8093199999999999 0.6846242859375 0.8065042859375 0.700311428125
0 0.8764957140625 0.8591985718749999 0.9513142859375 0.7103671421875 0.9066642859374999 0.6814057140625 0.8744842859374999 0.7405357140625 0.8229971421875 0.8246057140625 0.8764957140625 0.8591985718749999
0 0.839488571875 0.9312014281250001 0.8724728578125 0.8708642859375001 0.8744842859374999 0.860808571875 0.8221928578125001 0.8298357140625001 0.8085157140625 0.8499471421875 0.7867942859375 0.8982171421875 0.839488571875 0.9312014281250001
0 0.84512 0.9444757140625001 0.841098571875 0.9424642859375 0.8374771421875 0.9336142859375001 0.7851857140625 0.902641428125 0.7638671421875001 0.9412571421875 0.8213885718749999 0.9814814281249999 0.84512 0.9444757140625001
0 0.84512 0.9987785718750001 0.764268571875 0.946888571875 0.7417428578124999 0.9859071421875001 0.7634642859375 1 0.84512 0.9987785718750001
0 0.8978142859375 0.8941942859375 0.9175242859375 0.896608571875 0.9267771421875001 0.9102842859375 0.918731428125 0.9255699999999999 0.9690128578125 0.950911428125 0.9999857140625 0.8998257140625 0.9999857140625 0.8905742859375 0.8970100000000001 0.8298357140625001 0.8801157140625 0.8543728578125 0.8760928578125 0.8793114281250001 0.8978142859375 0.8941942859375
0 1 0.7353071421874999 0.9553357140625 0.708758571875 0.895401428125 0.8266171421875 0.9573471421875 0.8628199999999999 1 0.7900128578125 1 0.7353071421874999
0 0.9601628578125 0.8620142859375 1 0.888161428125 0.9999857140625 0.796448571875 0.9601628578125 0.8620142859375
0 0.9155142859375 0.586878571875 0.8648300000000001 0.5631457140625 0.8370757140625 0.6395728578125001 0.8833342859375 0.6629028578125 0.9155142859375 0.586878571875
0 0.9678057140625 0.6146328578125 0.9678057140625 0.613828571875 0.92034 0.5917057140625 0.8837357140625001 0.6653157140625 0.9303971421874999 0.6902557140625001 0.9678057140625 0.6146328578125
0 1 0.6347457140625 0.9698171421874999 0.61584 0.9533242859375 0.6488242859375 0.9979742859374999 0.6757742859375 1 0.6347457140625
0 0.9979742859374999 0.6814057140625 0.95252 0.653651428125 0.9316028578125 0.69106 0.9786657140624999 0.7184128578125 0.9979742859374999 0.6814057140625
0 1 0.6801999999999999 0.979471428125 0.7192171421875 0.9999857140625 0.7312842859375001 1 0.6801999999999999
0 0.9762528578125 0.5164842859375 0.8978142859375 0.47988 0.8801157140625 0.5197028578125 0.9577500000000001 0.5542957140625 0.9762528578125 0.5164842859375
0 0.9549342859375001 0.5591228578125 0.8805185718749999 0.5241271421875 0.864428571875 0.5591228578125 0.9404528578125 0.596531428125 0.9549342859375001 0.5591228578125
0 0.9999857140625 0.628711428125 0.9995828578125 0.5792357140625 0.96137 0.5611342859375 0.950911428125 0.5764199999999999 0.94528 0.596531428125 0.9999857140625 0.628711428125
0 0.96137 0.5555028578125001 0.9995828578125 0.5756157140625 0.9999857140625 0.5293571421875 0.982688571875 0.52091 0.9786657140624999 0.518898571875 0.9694142859375001 0.5357928578125 0.96137 0.5555028578125001
0 0.9995828578125 0.48511 0.9991814281250001 0.44448285781249997 0.946888571875 0.4163257140625 0.90948 0.4774671421875 0.9830914281249999 0.513668571875 0.9995828578125 0.48511
0 0.9493028578124999 0.4127057140625 1 0.438851428125 0.9991814281250001 0.32944 0.9493028578124999 0.4127057140625
0 0.9050557140625 0.47786857187500004 0.963381428125 0.38293857187499997 0.8909771421875 0.3495528578125 0.8869542859375 0.34914999999999996 0.8459242859374999 0.44729857187500005 0.9050557140625 0.47786857187500004
0 0.9891242859375 0.34030142812499997 0.9090771421875001 0.30088 0.8873557140624999 0.343921428125 0.9653928578125001 0.38133 0.9891242859375 0.34030142812499997
0 0.98993 0.3358757140625 0.9999857140625 0.3222 0.9995828578125 0.284791428125 0.9959628578125 0.28278 0.9279828578125 0.252611428125 0.9207428578125001 0.2566328578125 0.9090771421875001 0.2960542859375 0.98993 0.3358757140625
0 0.8266171421875 0.31697000000000003 0.8849428578125 0.3463342859375 0.8889657140624999 0.33346285781249996 0.9102842859375 0.2823771421875 0.9199385718749999 0.252208571875 0.8656357140625 0.22566000000000003 0.8652328578124999 0.2248557140625 0.8575900000000001 0.23813 0.8266171421875 0.31697000000000003
0 0.8419028578125 0.4489071421875 0.88454 0.3499542859375 0.8246057140625 0.3209928578125 0.8133428578125 0.3515642859375 0.7884042859375 0.4175328578125 0.8419028578125 0.4489071421875
0 0.9995828578125 0.28117000000000003 1 0.1407857140625 0.96499 0.1279142859375 0.9569457140625 0.15044 0.9211457140625001 0.24818571406249998 0.9995828578125 0.28117000000000003
0 1 0.0506828578125 0.9947557140625 0.049878571875 0.9645871421875001 0.1263057140625 0.9999857140625 0.13957999999999998 1 0.0506828578125
0 0.9919399999999999 0.049475714062499995 0.8841385718750001 0.0012071421875 0.8165614281250001 0 0.8020799999999999 0.0313757140625 0.8970100000000001 0.0651642859375 0.9730342859375 0.0993542859375 0.9919399999999999 0.049475714062499995
0 0.9537271421875 0.00040285781249999996 0.9489000000000001 0.01086 0.9983771421875 0.034191428125 1 0.0008042859374999999 0.9537271421875 0.00040285781249999996
0 0.9999857140625 0.9710242859375 0.9995828578125 0.9054571421875 0.9730342859375 0.9501071421875 0.9999857140625 0.9710242859375
0 0.984298571875 0.9995828578125 0.9967671421875 0.9798728578125001 0.963381428125 0.962978571875 0.954531428125 0.97585 0.9404528578125 1 0.984298571875 0.9995828578125
0 1 1 0.9995828578125 0.9810800000000001 0.9967671421875 0.9810800000000001 0.987918571875 1 1 1
0 0.93643 0.9991814281250001 0.93643 0.9963657140625 0.870461428125 0.963381428125 0.8519585718749999 0.9891242859375 0.8740828578125001 0.9995828578125 0.93643 0.9991814281250001
0 0.9541299999999999 0.9573471421875 0.9195357140624999 0.9372342859374999 0.8945971421875001 0.97223 0.934821428125 0.9935499999999999 0.9541299999999999 0.9573471421875
0 0.8463271421874999 0.9963657140625 0.8672442859375 0.9645871421875001 0.8692557140625 0.9585542859375 0.85035 0.947291428125 0.8475342859375001 0.9436714281249999 0.8233985718750001 0.9810800000000001 0.8463271421874999 0.9963657140625
0 0.685831428125 0.9501071421875 0.660891428125 1 0.7385257140625 0.99717 0.7389271421875 0.9746442859375 0.685831428125 0.9501071421875
0 0.6592828578125001 0.9995828578125 0.6826128578125 0.9464871421875 0.625091428125 0.9151114281250001 0.604978571875 0.9501071421875 0.5772242859375 1 0.6592828578125001 0.9995828578125
0 0.3136328578125 0.4946 0.33552857187499996 0.5003957140625 0.35485 0.47206000000000004 0.375458571875 0.42891 0.3265128578125 0.4102342859375 0.316208571875 0.4244028578125 0.29946428593749996 0.452738571875 0.3136328578125 0.4946
0 0.3361728578125 0.515208571875 0.3780342859375 0.5499842859374999 0.3973542859375 0.5409685718749999 0.410878571875 0.4823628578125 0.378678571875 0.435351428125 0.3715942859375 0.46046714218749996 0.353561428125 0.4823628578125 0.3361728578125 0.515208571875
0 0.3606457140625 0.0489442859375 0.38383 0.0006442859375 0.300108571875 0 0.29624428593749996 0.0135242859375 0.3606457140625 0.0489442859375
0 0.33359714218750003 0.0534528578125 0.337461428125 0.0379971421875 0.280788571875 0.010948571875 0.2543842859375 0.0598928578125 0.30912428593749997 0.093381428125 0.3381057140625 0.06504571406250001 0.33359714218750003 0.0534528578125
0 0.2479442859375 0.060537142187500004 0.17903428593749998 0.027048571875 0.166798571875 0.0405728578125 0.24086 0.08565285781250001 0.2479442859375 0.060537142187500004
0 0.18740714218750001 0 0.1803228578125 0.023828571875 0.2176757140625 0.042504285937500004 0.251808571875 0.0586042859375 0.258248571875 0.047012857812499996 0.2782128578125 0.0064399999999999995 0.29238 0.010948571875 0.2943128578125 0 0.18740714218750001 0
0 0.12365 0.35935714218750003 0.1616471421875 0.3142771421875 0.04186 0.220251428125 0.0218957140625 0.2415042859375 0.004508571875000001 0.2659757140625 0.12365 0.35935714218750003
0 0.12300571406250001 0.2498757140625 0.1519857140625 0.2112357140625 0.12365 0.1867628578125 0.1114142859375 0.1803228578125 0.10111 0.184831428125 0.08178857187500001 0.2080157140625 0.12300571406250001 0.2498757140625
0 0.12493857187499999 0.184831428125 0.160358571875 0.20930285781250002 0.1867628578125 0.1713071421875 0.1577828578125 0.147478571875 0.1487657140625 0.15971428593749998 0.1403942859375 0.163578571875 0.12493857187499999 0.184831428125
0 0 0.3039728578125 0.022539999999999998 0.31878428593749997 0.051521428125000004 0.3426128578125 0.0985328578125 0.381898571875 0.12171857187499999 0.363221428125 0.010948571875 0.27692428593749996 0 0.296888571875 0 0.3039728578125
0 0.0747057140625 0.372881428125 0 0.30590428593749996 0.0064399999999999995 0.4250471421875 0.0747057140625 0.372881428125
0 0.09145 0.397998571875 0.1133457140625 0.4166742859375 0.1004657140625 0.433418571875 0.11721 0.459178571875 0.22154 0.3619342859375 0.170018571875 0.3232928578125 0.1564942859375 0.3329528578125 0.1133457140625 0.3735257140625 0.09145 0.397998571875
0 0.048828571875 0.008788571875 0.046875714062500004 0.026367142187499998 0.0888671421875 0.0527342859375 0.1015628578125 0.05175714218750001 0.1210942859375 0.026367142187499998 0.1210942859375 0.0009771421875 0.0556642859375 0 0.048828571875 0.008788571875