0 0 0.12206999999999998 0.071288571875 0.14648428593750001 0.08593714218750001 0.1455071421875 0.1210942859375 0.05175714218750001 0.0556642859375 0.023437142187500003 0.026367142187499998 0.017578571874999997 0 0.0751957140625 0 0.12206999999999998
0 0.144531428125 0.0009771421875 0.0009771421875 0 0 0.0615228578125 0.0039057140625 0.0615228578125 0.0244142859375 0.0156257140625 0.1240228578125 0.046875714062500004 0.13476571406249999 0.0322271421875 0.144531428125 0.0009771421875
0 0 0.23339857187500002 0.022461428125 0.24413999999999997 0.042968571875 0.24511714218749997 0.07812571406249999 0.1552728578125 0.0439457140625 0.142578571875 0.02832 0.142578571875 0.029297142187500003 0.15918000000000002 0.011718571875 0.20410142812499998 0 0.2197271421875 0 0.23339857187500002
0 0.0019528578125000001 0.2197271421875 0.0273442859375 0.16503857187499998 0.029297142187500003 0.14746142812500002 0.0009771421875 0.13086 0.0019528578125000001 0.2197271421875
0 0.10058571406250001 0.13281285781250002 0.0664057140625 0.2001957140625 0.0605471421875 0.2177728578125 0.0634771421875 0.230468571875 0.12206999999999998 0.25586000000000003 0.13086 0.25488285781250003 0.169921428125 0.16503857187499998 0.17773428593750001 0.1376957140625 0.1748042859375 0.13281285781250002 0.10058571406250001 0.13281285781250002
0 0.0214842859375 0.3232428578125 0.09375 0.34082 0.1171871421875 0.29394571406250003 0.125 0.2607428578125 0.057617142187500005 0.23242142812500002 0.0214842859375 0.3232428578125
0 0.014648571874999999 0.34961000000000003 0.071288571875 0.3710942859375 0.0839842859375 0.37011714218749997 0.0947271421875 0.33788999999999997 0.0244142859375 0.32421857187500003 0.0156257140625 0.33105428593749997 0.014648571874999999 0.34961000000000003
0 0 0.34863285781250003 0.0039057140625 0.34863285781250003 0.023437142187500003 0.30957 0.0410157140625 0.25293 0.0009771421875 0.238281428125 0 0.34863285781250003
0 0.15331999999999998 0.046875714062500004 0.13378857187499998 0.042968571875 0.111328571875 0.0888671421875 0.1015628578125 0.1240228578125 0.1123042859375 0.1289057140625 0.14648428593750001 0.12793000000000002 0.1806642859375 0.125 0.18945285781250001 0.116211428125 0.20312571406250002 0.0751957140625 0.15331999999999998 0.046875714062500004
0 0.138671428125 0.0361328578125 0.207031428125 0.06543 0.23632857187499998 0.0009771421875 0.14746142812500002 0 0.138671428125 0.0205071421875 0.138671428125 0.0361328578125
0 0.24511714218749997 0 0.207031428125 0.09082 0.22168000000000002 0.1015628578125 0.28125 0.1240228578125 0.2968757140625 0.10058571406250001 0.330078571875 0.0107428578125 0.3134771421875 0 0.24511714218749997 0
0 0.17968714218749998 0.14746142812500002 0.169921428125 0.1826171421875 0.2421871421875 0.20996142812500002 0.25781285781249996 0.19043000000000002 0.2792971421875 0.1318357140625 0.20410142812499998 0.09961 0.17968714218749998 0.14746142812500002
0 0.2255857140625 0.207031428125 0.172851428125 0.1875 0.1601557140625 0.1982428578125 0.0898442859375 0.3681642859375 0.0898442859375 0.3740228578125 0.10839857187499999 0.38671857187500003 0.1513671421875 0.4042971421875 0.1601557140625 0.40332 0.1718757140625 0.38769571406250003 0.1875 0.3369142859375 0.238281428125 0.22363285781250003 0.2255857140625 0.207031428125
0 0 0.36230428593749997 0.0019528578125000001 0.47558571406250005 0.0332028578125 0.38769571406250003 0.0332028578125 0.37793 0.0068357140625000005 0.361328571875 0 0.36230428593749997
0 0.040038571875 0.3769528578125 0.029297142187500003 0.3994142859375 0.0214842859375 0.43847714218749995 0.0839842859375 0.46191428593749995 0.1015628578125 0.43652285781250005 0.113281428125 0.40527285781250005 0.09668 0.39453142812499997 0.040038571875 0.3769528578125
0 0.11816428593749999 0.40625 0.0898442859375 0.46582 0.13281285781250002 0.485351428125 0.1523442859375 0.44433571406250005 0.15625 0.422851428125 0.1455071421875 0.41406285781249996 0.11816428593749999 0.40625
0 0.1152342859375 0.5322271421875 0.13086 0.4892571421875 0.0888671421875 0.46875 0.06836 0.5126957140624999 0.1152342859375 0.5322271421875
0 0.0097657140625 0.46191428593749995 0.0039057140625 0.4892571421875 0.0605471421875 0.5107428578125 0.07031285781249999 0.49902285781250005 0.082031428125 0.46582 0.022461428125 0.4414057140625 0.0097657140625 0.46191428593749995
0 0 0.571288571875 0.0332028578125 0.5810542859375001 0.058594285937500004 0.5185542859375001 0.040038571875 0.50586 0.0048828578125000004 0.4960942859375 0 0.49902285781250005 0 0.571288571875
0 0.06543 0.519531428125 0.03711 0.5751957140624999 0.03711 0.5888671421875 0.08789 0.610351428125 0.107421428125 0.5693357140625 0.111328571875 0.540038571875 0.0888671421875 0.52539 0.06543 0.519531428125
0 0.07031285781249999 0.6611328578125 0.0839842859375 0.616211428125 0.0009771421875 0.576171428125 0 0.6455071421875 0.07031285781249999 0.6611328578125
0 0 0.7138671421875 0.0244142859375 0.7265628578125 0.048828571875 0.7294928578125 0.0644528578125 0.6865228578125 0.0644528578125 0.6669928578125 0.0009771421875 0.6484371421875 0 0.7138671421875
0 0.0009771421875 0.71875 0 0.790038571875 0.046875714062500004 0.7998042859375001 0.0644528578125 0.766601428125 0.05664 0.7451171421875 0.045898571875 0.7343757140625 0.0009771421875 0.71875
0 0 0.852538571875 0.00586 0.852538571875 0.0273442859375 0.8115228578125 0.0273442859375 0.8017571421874999 0.0107428578125 0.794921428125 0 0.795898571875 0 0.852538571875
0 0.0273442859375 0.8017571421874999 0.013671428125000001 0.8388671421874999 0.0019528578125000001 0.852538571875 0.025390000000000003 0.8623042859375 0.048828571875 0.8115228578125 0.045898571875 0.8046871421875 0.03418 0.8007814281250001 0.0273442859375 0.8017571421874999
0 0.102538571875 0.7578128578125 0.0888671421875 0.7597657140625 0.077148571875 0.77539 0.06543 0.769531428125 0.0546871421875 0.7919928578125 0.0556642859375 0.80664 0.082031428125 0.8134771421875 0.1035157140625 0.7998042859375001 0.111328571875 0.7822271421875 0.113281428125 0.7685542859375001 0.102538571875 0.7578128578125
0 0.029297142187500003 0.866211428125 0.047851428125 0.8769528578125 0.07812571406249999 0.8818357140625 0.08789 0.834961428125 0.079101428125 0.8164057140625 0.05175714218750001 0.8105471421875 0.029297142187500003 0.866211428125
0 0.082031428125 0.9267571421874999 0.079101428125 0.8964842859375001 0.0693357140625 0.8984371421875 0.0380857140625 0.8886714281250001 0.03125 0.891601428125 0 0.9736328578125001 0.035155714062499996 0.983398571875 0.0332028578125 0.959961428125 0.039062857812500004 0.946288571875 0.05957 0.9296871421875 0.082031428125 0.9267571421874999
0 0.0009771421875 0.8593757140625 0 0.9482428578125001 0.00586 0.9482428578125001 0.023437142187500003 0.9130857140625 0.03125 0.8779299999999999 0.026367142187499998 0.86914 0.0009771421875 0.8593757140625
0 0.0380857140625 0.8906257140625 0.080078571875 0.8994142859375 0.079101428125 0.8828128578125 0.0419928578125 0.875 0.035155714062499996 0.8798828578125001 0.0380857140625 0.8906257140625
0 0.039062857812500004 0.9990228578125 0.03418 0.9863285718749999 0 0.9794928578125001 0.0009771421875 1 0.039062857812500004 0.9990228578125
0 0.26953142812499997 0.9443357140625 0.2568357140625 0.9296871421875 0.23339857187500002 0.9218757140625 0.22070285781250001 0.9404299999999999 0.2148442859375 0.9892571421874999 0.2255857140625 1 0.25586000000000003 0.9990228578125 0.2519528578125 0.9794928578125001 0.2656257140625 0.9736328578125001 0.2714842859375 0.959961428125 0.26953142812499997 0.9443357140625
0 0.2373042859375 0.8730471421875 0.22461000000000003 0.9013671421874999 0.22851571406249999 0.9130857140625 0.264648571875 0.9335942859375 0.2910157140625 0.9384771421875 0.30663999999999997 0.9169928578125001 0.30468714218750004 0.9013671421874999 0.266601428125 0.8789057140625 0.2373042859375 0.8730471421875
0 0.24023428593750001 0.8701171421874999 0.30663999999999997 0.897461428125 0.330078571875 0.8505857140625 0.272461428125 0.8242185718749999 0.25488285781250003 0.8222657140624999 0.24023428593750001 0.8701171421874999
0 0.24023428593750001 0.8154299999999999 0.1806642859375 0.78711 0.139648571875 0.7773442859374999 0.125 0.795898571875 0.169921428125 0.8232428578125001 0.17773428593750001 0.889648571875 0.21875 0.9013671421874999 0.2265628578125 0.8955071421874999 0.24023428593750001 0.8642571421874999 0.24413999999999997 0.8447271421875 0.24023428593750001 0.8154299999999999
0 0.3105471421875 0.9013671421874999 0.3134771421875 0.91211 0.3281257140625 0.9130857140625 0.35546857187500003 0.860351428125 0.3427728578125 0.8476557140625 0.3339842859375 0.852538571875 0.3105471421875 0.9013671421874999
0 0.2607428578125 0.5156257140625 0.2460942859375 0.5185542859375001 0.230468571875 0.5830071421875 0.19531285781250002 0.6435542859375001 0.169921428125 0.7294928578125 0.1718757140625 0.7607428578125 0.20117142812500002 0.766601428125 0.2421871421875 0.639648571875 0.2832028578125 0.53418 0.27832 0.5234371421875 0.2607428578125 0.5156257140625
0 0.08789 0.665038571875 0.167968571875 0.6943357140625 0.18164 0.647461428125 0.11035142812500001 0.605468571875 0.1015628578125 0.616211428125 0.08789 0.665038571875
0 0.09961 0.709961428125 0.1259771421875 0.7285157140625 0.15625 0.733398571875 0.167968571875 0.7001957140624999 0.11425714218750001 0.6777342859375 0.1035157140625 0.6923828578125 0.09961 0.709961428125
0 0.079101428125 0.7089842859375 0.09961 0.7080071421875 0.111328571875 0.6767571421875 0.0869142859375 0.6660157140625 0.0722657140625 0.704101428125 0.079101428125 0.7089842859375
0 0.12304714218749999 0.5615228578125 0.113281428125 0.602538571875 0.1630857140625 0.6347657140625 0.1875 0.639648571875 0.2148442859375 0.5986328578125 0.21875 0.5732428578125 0.1357428578125 0.53711 0.12304714218749999 0.5615228578125
0 0.1748042859375 0.5527342859375 0.22070285781250001 0.56543 0.24023428593750001 0.50293 0.1630857140625 0.4648442859375 0.136718571875 0.5322271421875 0.1748042859375 0.5527342859375
0 0.1718757140625 0.43652285781250005 0.16601571406249999 0.452148571875 0.1689457140625 0.46288999999999997 0.2255857140625 0.49218714218750004 0.24804714218749999 0.49707 0.2597657140625 0.4736328578125 0.2568357140625 0.46093714218750004 0.18456999999999998 0.4335942859375 0.1718757140625 0.43652285781250005
0 0.175781428125 0.4248042859375 0.2119142859375 0.4394528578125 0.2226557140625 0.43847714218749995 0.2421871421875 0.3681642859375 0.20410142812499998 0.3535157140625 0.18554714218749999 0.389648571875 0.175781428125 0.4248042859375
0 0.21875 0.31738285781250003 0.21288999999999997 0.34863285781250003 0.2509771421875 0.36913999999999997 0.3144528578125 0.38769571406250003 0.32421857187500003 0.3740228578125 0.35546857187500003 0.28613285781250003 0.2568357140625 0.2539057140625 0.21875 0.31738285781250003
0 0.22461000000000003 0.43847714218749995 0.26855428593749997 0.45898428593749996 0.28711000000000003 0.459961428125 0.30078142812499997 0.43847714218749995 0.3125 0.3955071421875 0.24511714218749997 0.3710942859375 0.22461000000000003 0.43847714218749995
0 0.3281257140625 0.383788571875 0.422851428125 0.42187571406249996 0.4414057140625 0.422851428125 0.48046857187500003 0.32519571406250003 0.3642571421875 0.2910157140625 0.3457028578125 0.327148571875 0.3281257140625 0.383788571875
0 0.360351428125 0.49218714218750004 0.37793 0.4960942859375 0.38769571406250003 0.486328571875 0.3955071421875 0.486328571875 0.40332 0.4980471421875 0.41211000000000003 0.49902285781250005 0.4375 0.43066428593749995 0.32519571406250003 0.3906257140625 0.2968757140625 0.4638671421875 0.360351428125 0.49218714218750004
0 0.5244142859375 0.330078571875 0.491211428125 0.326171428125 0.44336000000000003 0.43457 0.4394528578125 0.46582 0.4482428578125 0.47851571406250004 0.483398571875 0.49023428593749996 0.4980471421875 0.4892571421875 0.5097657140625 0.483398571875 0.5214842859375 0.459961428125 0.55664 0.3427728578125 0.5244142859375 0.330078571875
0 0.4423828578125 0.47656285781249996 0.423828571875 0.4794928578125 0.41601571406250004 0.508788571875 0.422851428125 0.519531428125 0.4482428578125 0.519531428125 0.46972714218749995 0.53125 0.48437571406249996 0.5322271421875 0.5 0.5205071421875 0.50586 0.5048828578125 0.5009771421875 0.49413999999999997 0.4423828578125 0.47656285781249996
0 0.5097657140625 0.5048828578125 0.5019528578125 0.5263671421875 0.508788571875 0.544921428125 0.5322271421875 0.5546871421875 0.545898571875 0.5527342859375 0.55957 0.5644528578125 0.5869142859375 0.574218571875 0.6035157140625 0.5751957140624999 0.6152342859375 0.5498042859375001 0.5986328578125 0.5292971421875 0.5380857140625 0.5078128578125 0.5097657140625 0.5048828578125
0 0.5380857140625 0.4355471421875 0.513671428125 0.49902285781250005 0.5615228578125 0.517578571875 0.58789 0.5205071421875 0.607421428125 0.4892571421875 0.59961 0.4560542859375 0.5634771421875 0.4394528578125 0.5380857140625 0.4355471421875
0 0.6826171421875 0.41796857187500003 0.702148571875 0.4101557140625 0.7207028578125 0.38769571406250003 0.5634771421875 0.34375 0.53711 0.428711428125 0.5986328578125 0.45312571406249996 0.607421428125 0.452148571875 0.6210942859374999 0.40722714218749995 0.641601428125 0.392578571875 0.6611328578125 0.39453142812499997 0.6826171421875 0.41796857187500003
0 0.702148571875 0.27343714218750004 0.6767571421875 0.2714842859375 0.6572271421875 0.2539057140625 0.633788571875 0.25 0.616211428125 0.2539057140625 0.5673828578125 0.23242142812500002 0.52832 0.230468571875 0.5185542859375001 0.22070285781250001 0.513671428125 0.22363285781250003 0.5126957140624999 0.238281428125 0.49316428593749995 0.230468571875 0.477538571875 0.24023428593750001 0.43066428593749995 0.238281428125 0.37988285781250003 0.1914057140625 0.3017571421875 0.15820285781250001 0.29394571406250003 0.15820285781250001 0.2851557140625 0.1669928578125 0.2656257140625 0.22168000000000002 0.25 0.24511714218749997 0.2568357140625 0.2519528578125 0.4267571421875 0.30663999999999997 0.545898571875 0.33203142812499997 0.65332 0.36718714218750004 0.730468571875 0.3818357140625 0.75 0.334961428125 0.75 0.2919928578125 0.71582 0.28906285781249996 0.702148571875 0.27343714218750004
0 0.391601428125 0.111328571875 0.36230428593749997 0.0839842859375 0.327148571875 0.074218571875 0.3027342859375 0.116211428125 0.2968757140625 0.15331999999999998 0.383788571875 0.1914057140625 0.4169928578125 0.2226557140625 0.4355471421875 0.2294928578125 0.44726571406250004 0.21581999999999998 0.45703142812499997 0.1806642859375 0.455078571875 0.1455071421875 0.391601428125 0.111328571875
0 0.36913999999999997 0.079101428125 0.36718714218750004 0.0927728578125 0.455078571875 0.141601428125 0.4707028578125 0.10839857187499999 0.4707028578125 0.09668 0.3857428578125 0.05664 0.36913999999999997 0.079101428125
0 0.40918 0.035155714062499996 0.3994142859375 0.035155714062499996 0.3906257140625 0.0439457140625 0.38769571406250003 0.05664 0.446288571875 0.08593714218750001 0.4726557140625 0.0927728578125 0.48046857187500003 0.08300714218750001 0.48046857187500003 0.071288571875 0.4501957140625 0.05078142812500001 0.40918 0.035155714062499996
0 0.3544928578125 0 0.34375 0.0107428578125 0.3281257140625 0.0673828578125 0.36718714218750004 0.0810542859375 0.388671428125 0.045898571875 0.40527285781250005 0 0.3544928578125 0
0 0.41211000000000003 0.0009771421875 0.40038999999999997 0.02832 0.40527285781250005 0.0332028578125 0.4726557140625 0.057617142187500005 0.482421428125 0.026367142187499998 0.4736328578125 0.0156257140625 0.43847714218749995 0 0.41211000000000003 0.0009771421875
0 0.5273442859374999 0.0322271421875 0.540038571875 0 0.451171428125 0.0009771421875 0.5126957140624999 0.03125 0.5273442859374999 0.0322271421875
0 0.49707 0.074218571875 0.482421428125 0.084961428125 0.46288999999999997 0.1298828578125 0.45898428593749996 0.1552728578125 0.46191428593749995 0.15039 0.4873042859375 0.1523442859375 0.50586 0.16503857187499998 0.53711 0.1259771421875 0.5468757140625 0.10449285781249999 0.516601428125 0.07812571406249999 0.49707 0.074218571875
0 0.45898428593749996 0.17871142812500002 0.44336000000000003 0.2294928578125 0.452148571875 0.23632857187499998 0.47461000000000003 0.2373042859375 0.5078128578125 0.1689457140625 0.49707 0.15429714218749999 0.459961428125 0.14648428593750001 0.45898428593749996 0.17871142812500002
0 0.5234371421875 0.19628857187499998 0.582031428125 0.1435542859375 0.5751957140624999 0.13086 0.55957 0.1289057140625 0.545898571875 0.113281428125 0.5078128578125 0.1689457140625 0.482421428125 0.2255857140625 0.485351428125 0.23242142812500002 0.49707 0.23632857187499998 0.519531428125 0.2373042859375 0.519531428125 0.2314457140625 0.5273442859374999 0.2294928578125 0.517578571875 0.2177728578125 0.5234371421875 0.19628857187499998
0 0.6376957140624999 0.15039 0.5986328578125 0.136718571875 0.5830071421875 0.144531428125 0.5527342859375 0.1826171421875 0.544921428125 0.19628857187499998 0.544921428125 0.21581999999999998 0.5888671421875 0.2265628578125 0.6064457140624999 0.21875 0.6269528578125 0.2255857140625 0.6230471421875 0.2060542859375 0.6376957140624999 0.199218571875 0.6523442859374999 0.1767571421875 0.6376957140624999 0.15039
0 0.6796871421875 0.116211428125 0.6689457140624999 0.1035157140625 0.6494142859375 0.09375 0.6123042859375001 0.0839842859375 0.5976557140625001 0.11816428593749999 0.59961 0.1318357140625 0.6464842859375 0.1513671421875 0.6513671421875 0.14648428593750001 0.6806642859375 0.15039 0.6855471421875 0.1455071421875 0.6796871421875 0.116211428125
0 0.579101428125 0.0644528578125 0.50293 0.03125 0.48437571406249996 0.03418 0.482421428125 0.0615228578125 0.4873042859375 0.0722657140625 0.508788571875 0.0722657140625 0.52832 0.082031428125 0.547851428125 0.1015628578125 0.56543 0.0976557140625 0.5830071421875 0.113281428125 0.5976557140625001 0.116211428125 0.6093757140625 0.0869142859375 0.6044928578125 0.07812571406249999 0.59082 0.080078571875 0.579101428125 0.0644528578125
0 0.5781257140625 0.014648571874999999 0.55664 0.0498042859375 0.62793 0.08593714218750001 0.6572271421875 0.0957028578125 0.6777342859375 0.0947271421875 0.6855471421875 0.0888671421875 0.6660157140625 0.06543 0.59082 0.0078128578125 0.5781257140625 0.014648571874999999
0 0.3056642859375 0.486328571875 0.298828571875 0.49902285781250005 0.2519528578125 0.6259771421875 0.25293 0.636718571875 0.2851557140625 0.647461428125 0.34375 0.50293 0.33886714218749997 0.4960942859375 0.3115228578125 0.486328571875 0.3056642859375 0.486328571875
0 0.272461428125 0.519531428125 0.2910157140625 0.522461428125 0.3027342859375 0.4814457140625 0.266601428125 0.46288999999999997 0.24804714218749999 0.5048828578125 0.272461428125 0.519531428125
0 0.36913999999999997 0.55957 0.38671857187500003 0.514648571875 0.34863285781250003 0.4980471421875 0.33203142812499997 0.5439457140624999 0.36913999999999997 0.55957
0 0.36230428593749997 0.59961 0.35156285781249996 0.6064457140624999 0.2792971421875 0.78418 0.2773442859375 0.7939457140624999 0.28418 0.8027342859375001 0.3125 0.8076171421874999 0.357421428125 0.69043 0.3906257140625 0.62207 0.3857428578125 0.6093757140625 0.36230428593749997 0.59961
0 0.33886714218749997 0.548828571875 0.329101428125 0.548828571875 0.32421857187500003 0.5556642859375 0.28711000000000003 0.647461428125 0.2919928578125 0.6582028578125 0.32031285781249996 0.665038571875 0.3417971421875 0.6298828578125 0.3652342859375 0.571288571875 0.3642571421875 0.5625 0.33886714218749997 0.548828571875
0 0.2919928578125 0.6582028578125 0.2792971421875 0.670898571875 0.24023428593750001 0.7763671421875 0.25293 0.792968571875 0.27343714218750004 0.795898571875 0.3085942859375 0.709961428125 0.3125 0.6748042859375001 0.32031285781249996 0.670898571875 0.2919928578125 0.6582028578125
0 0.24706999999999998 0.638671428125 0.24023428593750001 0.6513671421875 0.23632857187499998 0.6748042859375001 0.20312571406250002 0.758788571875 0.2080071421875 0.7773442859374999 0.23242142812500002 0.78418 0.2832028578125 0.6572271421875 0.2802728578125 0.65039 0.25488285781250003 0.638671428125 0.24706999999999998 0.638671428125
0 0.389648571875 0.519531428125 0.36913999999999997 0.5634771421875 0.361328571875 0.59668 0.39453142812499997 0.608398571875 0.41211000000000003 0.577148571875 0.42578142812499997 0.5361328578125 0.4111328578125 0.52539 0.389648571875 0.519531428125
0 0.43457 0.5351557140625001 0.42578142812499997 0.5361328578125 0.39843714218750004 0.608398571875 0.40527285781250005 0.6230471421875 0.423828571875 0.6298828578125 0.4375 0.616211428125 0.4648442859375 0.5517571421875 0.459961428125 0.544921428125 0.43457 0.5351557140625001
0 0.3906257140625 0.6259771421875 0.3535157140625 0.7080071421875 0.358398571875 0.7207028578125 0.38671857187500003 0.727538571875 0.42187571406249996 0.65332 0.419921428125 0.633788571875 0.397461428125 0.6210942859374999 0.3906257140625 0.6259771421875
0 0.34961000000000003 0.7177728578125 0.33788999999999997 0.741211428125 0.3144528578125 0.8076171421874999 0.3232428578125 0.81836 0.3457028578125 0.8232428578125001 0.3847657140625 0.7373042859375001 0.37988285781250003 0.7265628578125 0.35644571406250003 0.7167971421875 0.34961000000000003 0.7177728578125
0 0.5126957140624999 0.7148442859374999 0.5156257140625 0.702148571875 0.5048828578125 0.6953128578125 0.46777285781250005 0.6914057140625001 0.454101428125 0.675781428125 0.4423828578125 0.673828571875 0.4248042859375 0.6582028578125 0.41211000000000003 0.678711428125 0.39453142812499997 0.7294928578125 0.48437571406249996 0.7685542859375001 0.48828142812499997 0.764648571875 0.482421428125 0.741211428125 0.486328571875 0.72168 0.5126957140624999 0.7148442859374999
0 0.52832 0.7539057140625001 0.5048828578125 0.769531428125 0.491211428125 0.7656257140625 0.46288999999999997 0.8154299999999999 0.5078128578125 0.8388671421874999 0.5332028578125 0.797851428125 0.5468757140625 0.766601428125 0.5439457140624999 0.7578128578125 0.52832 0.7539057140625001
0 0.43847714218749995 0.8222657140624999 0.4638671421875 0.81836 0.482421428125 0.772461428125 0.3955071421875 0.736328571875 0.3789057140625 0.7568357140625 0.34961000000000003 0.827148571875 0.34961000000000003 0.8330071421874999 0.360351428125 0.8398442859375 0.3730471421875 0.8408200000000001 0.38086000000000003 0.834961428125 0.391601428125 0.8085942859375 0.422851428125 0.8085942859375 0.43847714218749995 0.8222657140624999
0 0.519531428125 0.702148571875 0.513671428125 0.72168 0.5302728578125 0.7539057140625001 0.550781428125 0.7568357140625 0.5664057140625001 0.7197271421875 0.5517571421875 0.707031428125 0.5263671421875 0.6972657140625 0.519531428125 0.702148571875
0 0.5390628578125 0.790038571875 0.5390628578125 0.8017571421874999 0.56836 0.8193357140625 0.6035157140625 0.7509771421875 0.5732428578125 0.736328571875 0.5527342859375 0.758788571875 0.5390628578125 0.790038571875
0 0.5722657140625 0.8154299999999999 0.5722657140625 0.821288571875 0.5810542859375001 0.8261714281250001 0.605468571875 0.8310542859375 0.6406257140625 0.764648571875 0.6142571421875 0.7480471421875 0.6035157140625 0.75293 0.5722657140625 0.8154299999999999
0 0.52539 0.6455071421875 0.517578571875 0.6689457140624999 0.5263671421875 0.6894528578125 0.6064457140624999 0.732421428125 0.6328128578125 0.7392571421875 0.6523442859374999 0.7138671421875 0.6513671421875 0.699218571875 0.5498042859375001 0.6464842859375 0.52539 0.6455071421875
0 0.577148571875 0.580078571875 0.550781428125 0.641601428125 0.5888671421875 0.6660157140625 0.625 0.6806642859375 0.6406257140625 0.6552728578125 0.6542971421875 0.616211428125 0.6240228578125 0.59375 0.577148571875 0.580078571875
0 0.47558571406250005 0.548828571875 0.44726571406250004 0.6142571421875 0.45898428593749996 0.6240228578125 0.4638671421875 0.636718571875 0.511718571875 0.6630857140625 0.5263671421875 0.638671428125 0.550781428125 0.6318357140625 0.5703128578125 0.5810542859375001 0.47558571406250005 0.548828571875
0 0.7802728578125 0.017578571874999997 0.7910157140625 0.0009771421875 0.5898442859374999 0.0009771421875 0.59668 0.011718571875 0.6552728578125 0.05664 0.6865228578125 0.0917971421875 0.6972657140625 0.09082 0.7138671421875 0.074218571875 0.741211428125 0.0644528578125 0.75586 0.03418 0.7802728578125 0.017578571874999997
0 0.547851428125 0.05078142812500001 0.5546871421875 0.0498042859375 0.584961428125 0 0.5410157140625 0.00293 0.5292971421875 0.0380857140625 0.547851428125 0.05078142812500001
0 0.5126957140624999 0.8652342859375001 0.49902285781250005 0.86914 0.48828142812499997 0.8798828578125001 0.49316428593749995 0.8906257140625 0.5185542859375001 0.9023442859375 0.571288571875 0.9218757140625 0.58789 0.922851428125 0.5957028578125 0.9169928578125001 0.5976557140625001 0.9052728578125 0.5615228578125 0.8847657140624999 0.5126957140624999 0.8652342859375001
0 0.5185542859375001 0.8359371421875 0.511718571875 0.8447271421875 0.5097657140625 0.860351428125 0.516601428125 0.8671871421875 0.5830071421875 0.8964842859375001 0.6015628578125 0.8994142859375 0.611328571875 0.883788571875 0.5947271421875 0.8671871421875 0.5263671421875 0.8359371421875 0.5185542859375001 0.8359371421875
0 0.5214842859375 0.8251957140625 0.5214842859375 0.8330071421874999 0.5664057140625001 0.8486328578125001 0.576171428125 0.829101428125 0.5556642859375 0.8144528578125 0.53418 0.8085942859375 0.5214842859375 0.8251957140625
0 0.579101428125 0.8281257140625 0.5664057140625001 0.852538571875 0.605468571875 0.8701171421874999 0.6152342859375 0.860351428125 0.6210942859374999 0.8427728578125 0.6142571421875 0.8359371421875 0.579101428125 0.8281257140625
0 0.6406257140625 0.766601428125 0.6093757140625 0.829101428125 0.6259771421875 0.84961 0.6406257140625 0.852538571875 0.6640628578125 0.8154299999999999 0.6660157140625 0.795898571875 0.6494142859375 0.763671428125 0.6406257140625 0.766601428125
0 0.40625 0.9560542859375 0.43457 0.9707028578125 0.44726571406250004 0.9716799999999999 0.4726557140625 0.9013671421874999 0.43066428593749995 0.8867185718749999 0.41796857187500003 0.9091799999999999 0.40625 0.9560542859375
0 0.34375 0.9658200000000001 0.33203142812499997 0.9970700000000001 0.4414057140625 0.9990228578125 0.43847714218749995 0.9882814281250001 0.40918 0.97461 0.352538571875 0.9589842859375001 0.34375 0.9658200000000001
0 0.44921857187500003 0.9951171421874999 0.4501957140625 1 0.513671428125 0.9990228578125 0.52539 0.9619142859375 0.485351428125 0.9511714281250001 0.4667971421875 0.9560542859375 0.44921857187500003 0.9951171421874999
0 0.41308571406250005 0.9785157140624999 0.44336000000000003 0.9873042859375 0.446288571875 0.97461 0.41308571406250005 0.9609371421875 0.4023442859375 0.9619142859375 0.41308571406250005 0.9785157140624999
0 0.3642571421875 0.9394528578125 0.39355428593749997 0.9511714281250001 0.4042971421875 0.9501957140625 0.42578142812499997 0.883788571875 0.35644571406250003 0.8574214281250001 0.33203142812499997 0.9130857140625 0.3642571421875 0.9394528578125
0 0.3476557140625 0.954101428125 0.34863285781250003 0.9609371421875 0.383788571875 0.9726557140625 0.39843714218750004 0.9716799999999999 0.4023442859375 0.9560542859375 0.37988285781250003 0.9453128578125 0.358398571875 0.9394528578125 0.3476557140625 0.954101428125
0 0.6953128578125 0.72168 0.6806642859375 0.7089842859375 0.6689457140624999 0.7031257140625 0.65918 0.7031257140625 0.6542971421875 0.7080071421875 0.6484371421875 0.72168 0.638671428125 0.735351428125 0.636718571875 0.7392571421875 0.636718571875 0.7451171421875 0.6406257140625 0.7490228578125 0.6406257140625 0.7509771421875 0.6455071421875 0.7539057140625001 0.6494142859375 0.7539057140625001 0.65332 0.75 0.65918 0.75 0.6669928578125 0.7539057140625001 0.672851428125 0.761718571875 0.675781428125 0.7607428578125 0.6855471421875 0.75293 0.6894528578125 0.7451171421875 0.6894528578125 0.7314457140624999 0.6953128578125 0.72168
0 0.68457 0.6328128578125 0.670898571875 0.6289057140625001 0.6552728578125 0.6289057140625001 0.65039 0.633788571875 0.6289057140625001 0.6806642859375 0.633788571875 0.6855471421875 0.641601428125 0.6875 0.6611328578125 0.701171428125 0.6689457140624999 0.7031257140625 0.6884771421875 0.7148442859374999 0.6953128578125 0.7138671421875 0.7031257140625 0.7080071421875 0.705078571875 0.702148571875 0.705078571875 0.65918 0.68457 0.6328128578125
0 0.5097657140625 0.9365228578125 0.511718571875 0.9345700000000001 0.511718571875 0.9267571421874999 0.5097657140625 0.9248042859375 0.5097657140625 0.922851428125 0.5009771421875 0.9179685718749999 0.49707 0.9179685718749999 0.491211428125 0.9140628578125 0.4873042859375 0.9140628578125 0.485351428125 0.91211 0.4814457140625 0.91211 0.47851571406250004 0.915038571875 0.47851571406250004 0.9169928578125001 0.47656285781249996 0.9189457140625 0.47656285781249996 0.922851428125 0.4726557140625 0.928711428125 0.4726557140625 0.9326171421874999 0.4707028578125 0.9345700000000001 0.4707028578125 0.9404299999999999 0.46875 0.9423828578125001 0.46875 0.9482428578125001 0.47168 0.9511714281250001 0.4736328578125 0.9492185718749999 0.4794928578125 0.9492185718749999 0.4814457140625 0.9511714281250001 0.491211428125 0.9511714281250001 0.49316428593749995 0.9531257140625 0.49707 0.9531257140625 0.49902285781250005 0.9550785718749999 0.5048828578125 0.9550785718749999 0.50586 0.954101428125 0.5078128578125 0.952148571875 0.5078128578125 0.9443357140625 0.5097657140625 0.9423828578125001 0.5097657140625 0.9365228578125
0 0.550781428125 0.9755857140625 0.550781428125 0.9658200000000001 0.548828571875 0.9638671421874999 0.548828571875 0.959961428125 0.5605471421875 0.9443357140625 0.5625 0.9384771421875 0.5605471421875 0.9345700000000001 0.5576171421875 0.93164 0.553711428125 0.93164 0.5498042859375001 0.9257814281250001 0.545898571875 0.9238285718749999 0.5380857140625 0.9238285718749999 0.5351557140625001 0.9267571421874999 0.53125 0.9482428578125001 0.5273442859374999 0.952148571875 0.5273442859374999 0.9638671421874999 0.513671428125 0.9990228578125 0.544921428125 0.9990228578125 0.550781428125 0.985351428125 0.550781428125 0.9794928578125001 0.5527342859375 0.977538571875 0.550781428125 0.9755857140625