0 0 0.047851428125 0.038176265625 0.0556642859375 0.0751588125 0 0 0.0009771421875 0 0.047851428125
0 0.0023856890625 0.116211428125 0 0.1357428578125 0.07754624843749999 0.1718757140625 0.10736998281250001 0.1767571421875 0.1288446765625 0.1357428578125 0.1336178015625 0.11035142812500001 0.0369825484375 0.0625 0.0023856890625 0.116211428125
0 0.0334048859375 0.0615228578125 0.00357940625 0.048828571875 0.0023856890625 0.11425714218750001 0.0334048859375 0.0615228578125
0 0.038176265625 0.0615228578125 0.1252652703125 0.107421428125 0.136003490625 0.10839857187499999 0.150319371875 0.071288571875 0.07993193750000001 0.03125 0.063228621875 0.03125 0.038176265625 0.0615228578125
0 0.0870890046875 0 0.0715811515625 0.02832 0.1527050609375 0.0693357140625 0.171794065625 0.0244142859375 0.1348097734375 0 0.0870890046875 0
0 0.18730192031249998 0 0.136003490625 0.0009771421875 0.1765654453125 0.022461428125 0.18730192031249998 0
0 0 0.27636714218749997 0.059650959375 0.295898571875 0.088282721875 0.2392571421875 0.0858970328125 0.2177728578125 0.10021291406249999 0.1865228578125 0.0441413609375 0.16211 0.017895287500000003 0.19531285781250002 0 0.1943357140625 0 0.27636714218749997
0 0.0167015703125 0.19628857187499998 0.0405619546875 0.1611328578125 0.0011937171874999999 0.142578571875 0 0.19043000000000002 0.0167015703125 0.19628857187499998
0 0 0.2822271421875 0.0023856890625 0.34668 0.0190890046875 0.3369142859375 0.035790576562499996 0.295898571875 0.0059650953125 0.28125 0 0.2822271421875
0 0.0334048859375 0.297851428125 0.0190890046875 0.3330071421875 0.038176265625 0.3427728578125 0.059650959375 0.3056642859375 0.059650959375 0.29980428593749997 0.048912740625 0.294921428125 0.0334048859375 0.297851428125
0 0.221898778125 0.24511714218749997 0.20877661406249998 0.2265628578125 0.168214659375 0.20898428593750001 0.1395811515625 0.207031428125 0.10975741718750001 0.2802728578125 0.144354275 0.28906285781249996 0.196846421875 0.31836000000000003 0.2362164046875 0.3330071421875 0.262462478125 0.29980428593749997 0.2648481671875 0.28418 0.2576893546875 0.2705071421875 0.221898778125 0.24511714218749997
0 0.262462478125 0.17871142812500002 0.1658289703125 0.14843714218749998 0.14316055781249998 0.1943357140625 0.20877661406249998 0.2265628578125 0.221898778125 0.2255857140625 0.2362164046875 0.20996142812500002 0.23144328125000002 0.2001957140625 0.254109946875 0.18945285781250001 0.262462478125 0.17871142812500002
0 0.081123909375 0.33886714218749997 0.0787382203125 0.35644571406250003 0.1014048859375 0.36913999999999997 0.186109946875 0.3955071421875 0.2338289703125 0.3369142859375 0.144354275 0.28906285781249996 0.1109493890625 0.28125 0.081123909375 0.33886714218749997
0 0.16940663125 0.1201171421875 0.164635253125 0.1435542859375 0.1706003484375 0.14843714218749998 0.25888307187500004 0.175781428125 0.269619546875 0.1748042859375 0.2815497375 0.1630857140625 0.280357765625 0.14648428593750001 0.19923211093749998 0.1210942859375 0.16940663125 0.1201171421875
0 0.26365445 0.3222657140625 0.2362164046875 0.3427728578125 0.2266719015625 0.360351428125 0.273198953125 0.3789057140625 0.2863228625 0.37793 0.3125689359375 0.3642571421875 0.28870855156249997 0.33886714218749997 0.2863228625 0.32519571406250003 0.26365445 0.3222657140625
0 0.1908813265625 0.4013671421875 0.26723385624999996 0.4326171421875 0.283935428125 0.420898571875 0.28870855156249997 0.3994142859375 0.2183211171875 0.36328142812499997 0.1908813265625 0.4013671421875
0 0.18014485156249999 0.42187571406249996 0.1527050609375 0.4482428578125 0.1383891796875 0.4736328578125 0.16105584687500002 0.486328571875 0.2147417109375 0.5009771421875 0.23860209375000002 0.47558571406250005 0.24575916250000002 0.4560542859375 0.2326369984375 0.44336000000000003 0.18014485156249999 0.42187571406249996
0 0.186109946875 0.40722714218749995 0.1849162296875 0.423828571875 0.239794065625 0.44726571406250004 0.248146596875 0.446288571875 0.252917975 0.428711428125 0.24456719062499999 0.42187571406249996 0.196846421875 0.4023442859375 0.186109946875 0.40722714218749995
0 0.1014048859375 0.392578571875 0.081123909375 0.4169928578125 0.0691937171875 0.4560542859375 0.1109493890625 0.47656285781249996 0.1264589875 0.477538571875 0.1622495640625 0.43457 0.16702094218750002 0.41308571406250005 0.1419685859375 0.40038999999999997 0.1014048859375 0.392578571875
0 0.057265270312500005 0.37207 0.0310174515625 0.43847714218749995 0.032211168750000005 0.45312571406249996 0.059650959375 0.4560542859375 0.10259860312499999 0.38769571406250003 0.10021291406249999 0.37207 0.0751588125 0.357421428125 0.057265270312500005 0.37207
0 0.039369982812499996 0.45312571406249996 0.0298254796875 0.455078571875 0.0190890046875 0.46972714218749995 0.0071588125 0.5185542859375001 0.013123909375000001 0.5273442859374999 0.035790576562499996 0.5322271421875 0.054877835937499994 0.5107428578125 0.0691937171875 0.46972714218749995 0.063228621875 0.45898428593749996 0.039369982812499996 0.45312571406249996
0 0.26723385624999996 0.5048828578125 0.2970593375 0.519531428125 0.33404188437500004 0.52832 0.3555165796875 0.49316428593749995 0.31137521874999996 0.47656285781249996 0.2851291453125 0.47461000000000003 0.26723385624999996 0.5048828578125
0 0.2171274 0.49902285781250005 0.22309249531250003 0.5097657140625 0.2505322859375 0.5185542859375001 0.2815497375 0.477538571875 0.2564973828125 0.46093714218750004 0.24575916250000002 0.46191428593749995 0.2171274 0.49902285781250005
0 0.2922862125 0.4042971421875 0.2648481671875 0.452148571875 0.2922862125 0.4726557140625 0.3423926703125 0.49023428593749996 0.3602879578125 0.491211428125 0.38653403124999997 0.4501957140625 0.3519371734375 0.4355471421875 0.32330540937499996 0.41406285781249996 0.2922862125 0.4042971421875
0 0.2564973828125 0.46288999999999997 0.2863228625 0.4736328578125 0.28870855156249997 0.46582 0.273198953125 0.45703142812499997 0.252917975 0.4560542859375 0.2564973828125 0.46288999999999997
0 0.3913071546875 0.4482428578125 0.3698324609375 0.477538571875 0.36744677187499997 0.49707 0.4748167546875 0.5419928578125 0.5249232109374999 0.4638671421875 0.4593089 0.42578142812499997 0.4330628265625 0.419921428125 0.3913071546875 0.4482428578125
0 0.4342548 0.38769571406250003 0.42948342031250003 0.40918 0.526116928125 0.46288999999999997 0.5368534031250001 0.46191428593749995 0.5630994765625 0.4326171421875 0.5869598609375 0.38769571406250003 0.48794066249999996 0.34961000000000003 0.4342548 0.38769571406250003
0 0.616785340625 0.3964842859375 0.5953106453125 0.392578571875 0.544012215625 0.4638671421875 0.5762233859375 0.48437571406249996 0.63945200625 0.5048828578125 0.682401396875 0.422851428125 0.6716631765625001 0.41406285781249996 0.6334869109375 0.4101557140625 0.616785340625 0.3964842859375
0 0.45811518281249997 0.5810542859375001 0.5380471203125 0.6152342859375 0.5678726000000001 0.6201171421875 0.6299092500000001 0.5244142859375 0.6322949390625 0.5107428578125 0.5308883078125 0.46875 0.45811518281249997 0.5810542859375001
0 0.442605584375 0.580078571875 0.4509563703125 0.579101428125 0.4724310640625 0.545898571875 0.42351832500000003 0.5273442859374999 0.4008516578125 0.55957 0.442605584375 0.580078571875
0 0.38295637031249996 0.55664 0.3984642234375 0.5576171421875 0.42232460781250003 0.5244142859375 0.38295637031249996 0.5078128578125 0.3626753921875 0.545898571875 0.38295637031249996 0.55664
0 0.348357765625 0.508788571875 0.3364275734375 0.5302728578125 0.34716579375 0.5410157140625 0.36744677187499997 0.5439457140624999 0.3698324609375 0.52832 0.3841483421875 0.508788571875 0.3590959859375 0.5019528578125 0.348357765625 0.508788571875
0 0.3209197203125 0.544921428125 0.31495462500000004 0.5517571421875 0.27439267031250003 0.6201171421875 0.280357765625 0.63086 0.29347992968750003 0.633788571875 0.30779581093749997 0.6201171421875 0.3459720765625 0.5556642859375 0.3352356015625 0.544921428125 0.3209197203125 0.544921428125
0 0.298251309375 0.6318357140625 0.301830715625 0.638671428125 0.33404188437500004 0.647461428125 0.38653403124999997 0.5634771421875 0.356710296875 0.5468757140625 0.348357765625 0.5498042859375001 0.298251309375 0.6318357140625
0 0.37579755625 0.6640628578125 0.39369284531250004 0.665038571875 0.44857068125 0.5830071421875 0.3901134375 0.5605471421875 0.3364275734375 0.6455071421875 0.37579755625 0.6640628578125
0 0.41993891874999995 0.633788571875 0.51299301875 0.670898571875 0.5416265265625 0.62207 0.48794066249999996 0.5957028578125 0.4521500875 0.5859371421875 0.41993891874999995 0.633788571875
0 0.5428184984375 0.6230471421875 0.532082025 0.633788571875 0.49390575937500003 0.704101428125 0.49987085468750003 0.7109371421875 0.51299301875 0.7119142859375 0.522537521875 0.7060542859375001 0.5630994765625 0.6376957140624999 0.554748690625 0.6230471421875 0.5428184984375 0.6230471421875
0 0 0.8173828578125001 0.0167015703125 0.8251957140625 0.08351134375 0.7001957140624999 0.0202809765625 0.673828571875 0.008350785937499999 0.673828571875 0 0.68457 0 0.8173828578125001
0 0.04294764375 0.7763671421875 0.023860384374999998 0.827148571875 0.1085637 0.8593757140625 0.14077486875 0.866211428125 0.2051972078125 0.7451171421875 0.118108203125 0.707031428125 0.0870890046875 0.705078571875 0.04294764375 0.7763671421875
0 0 0.8701171421874999 0.004771378125 0.891601428125 0.041755671875 0.8925785718749999 0.063228621875 0.9199214281250001 0.0858970328125 0.9267571421874999 0.1169144859375 0.9091799999999999 0.1336178015625 0.8720700000000001 0.0202809765625 0.8320314281250001 0 0.8701171421874999
0 0.0167015703125 0.8251957140625 0.0011937171874999999 0.81836 0.0023856890625 0.858398571875 0.0167015703125 0.8251957140625
0 0.21354799375 0.8203128578125 0.305410121875 0.8447271421875 0.3316561953125 0.7880857140625 0.21354799375 0.75 0.1813368234375 0.8056642859375 0.21354799375 0.8203128578125
0 0.1622495640625 0.8330071421874999 0.16702094218750002 0.8466799999999999 0.22428621249999997 0.860351428125 0.2362164046875 0.8427728578125 0.2362164046875 0.827148571875 0.1777574171875 0.8085942859375 0.1622495640625 0.8330071421874999
0 0.16105584687500002 0.84961 0.1240732984375 0.9091799999999999 0.1240732984375 0.920898571875 0.211162303125 0.9511714281250001 0.24456719062499999 0.9492185718749999 0.2684275734375 0.9726557140625 0.2815497375 0.9755857140625 0.3101815015625 0.9423828578125001 0.324499128125 0.9052728578125 0.239794065625 0.8671871421875 0.16105584687500002 0.84961
0 0.2290575921875 0.8623042859375 0.305410121875 0.891601428125 0.324499128125 0.858398571875 0.273198953125 0.8359371421875 0.239794065625 0.8300785718749999 0.2290575921875 0.8623042859375
0 0.34000698125 0.78711 0.3125689359375 0.829101428125 0.3125689359375 0.8486328578125001 0.3352356015625 0.8613285718749999 0.42948342031250003 0.8818357140625 0.44618499062500006 0.8486328578125001 0.44379930156249997 0.8193357140625 0.406815009375 0.8027342859375001 0.34000698125 0.78711
0 0.3280767890625 0.9042971421875 0.3412006984375 0.9033200000000001 0.35790226875000003 0.8701171421874999 0.3256911 0.8613285718749999 0.30779581093749997 0.891601428125 0.3280767890625 0.9042971421875
0 0.3352356015625 0.7031257140625 0.2970593375 0.6914057140625001 0.269619546875 0.7177728578125 0.2505322859375 0.7548828578125 0.34000698125 0.7851557140625001 0.381762653125 0.790038571875 0.40562303593750004 0.75293 0.40562303593750004 0.7431642859375 0.34955148281250004 0.7207028578125 0.3352356015625 0.7031257140625
0 0.3435863875 0.7138671421875 0.3590959859375 0.72461 0.410394415625 0.741211428125 0.43664048906249997 0.702148571875 0.399657940625 0.6835942859374999 0.36863874375 0.6777342859375 0.3435863875 0.7138671421875
0 0.31853403125 0.699218571875 0.3459720765625 0.704101428125 0.36506108125000003 0.672851428125 0.3137609078125 0.65625 0.29347992968750003 0.6865228578125 0.31853403125 0.699218571875
0 0.2576893546875 0.678711428125 0.28870855156249997 0.6884771421875 0.30779581093749997 0.6611328578125 0.30779581093749997 0.6513671421875 0.280357765625 0.642578571875 0.2576893546875 0.678711428125
0 0.21235602031249998 0.7392571421875 0.21593368281249997 0.7480471421875 0.248146596875 0.7548828578125 0.2863228625 0.6943357140625 0.2755846421875 0.6855471421875 0.2576893546875 0.6865228578125 0.21235602031249998 0.7392571421875
0 0.1527050609375 0.704101428125 0.150319371875 0.71582 0.2016178015625 0.7402342859375 0.21235602031249998 0.7392571421875 0.2290575921875 0.7080071421875 0.18253054062500002 0.6855471421875 0.1706003484375 0.6855471421875 0.1527050609375 0.704101428125
0 0.1980401390625 0.68457 0.1980401390625 0.6923828578125 0.230251309375 0.7089842859375 0.24098778437499999 0.7080071421875 0.2576893546875 0.6826171421875 0.24456719062499999 0.673828571875 0.21354799375 0.667968571875 0.1980401390625 0.68457
0 0.21951308906250003 0.6435542859375001 0.2171274 0.65918 0.225478184375 0.667968571875 0.255303665625 0.6748042859375001 0.27439267031250003 0.641601428125 0.26365445 0.6328128578125 0.2326369984375 0.625 0.21951308906250003 0.6435542859375001
0 0.21593368281249997 0.642578571875 0.2016178015625 0.642578571875 0.19207504375 0.6328128578125 0.17895113437500001 0.6376957140624999 0.150319371875 0.68457 0.1479336828125 0.696288571875 0.15509075 0.7001957140624999 0.1706003484375 0.6855471421875 0.1980401390625 0.6884771421875 0.21235602031249998 0.6669928578125 0.21593368281249997 0.642578571875
0 0.4521500875 0.7734371421875 0.406815009375 0.7539057140625001 0.38653403124999997 0.7802728578125 0.3841483421875 0.790038571875 0.3901134375 0.794921428125 0.44737870781250005 0.8164057140625 0.45811518281249997 0.8154299999999999 0.5249232109374999 0.7373042859375001 0.49271204218750003 0.7207028578125 0.48436125625 0.7236328578125 0.4521500875 0.7734371421875
0 0.4151675390625 0.733398571875 0.4080087265625 0.7509771421875 0.4330628265625 0.7656257140625 0.45572949375 0.7705071421875 0.4772041890625 0.735351428125 0.479589878125 0.71582 0.442605584375 0.701171428125 0.4151675390625 0.733398571875
0 0.5619075046875001 0.7460942859374999 0.5416265265625 0.7451171421875 0.4772041890625 0.821288571875 0.4783961609375 0.8281257140625 0.5177661437500001 0.834961428125 0.529696334375 0.829101428125 0.532082025 0.8154299999999999 0.5798027921875 0.758788571875 0.5619075046875001 0.7460942859374999
0 0.5249232109374999 0.735351428125 0.460500871875 0.8134771421875 0.45811518281249997 0.821288571875 0.4748167546875 0.8251957140625 0.5416265265625 0.74707 0.544012215625 0.7392571421875 0.5380471203125 0.7343757140625 0.5249232109374999 0.735351428125
0 0.5273089 0.8193357140625 0.5380471203125 0.8359371421875 0.5559424078124999 0.8408200000000001 0.613205934375 0.7744142859375 0.5905392671875 0.7578128578125 0.5774153578125001 0.7607428578125 0.5273089 0.8193357140625
0 0.6012757421875 0.78418 0.551169284375 0.8486328578125001 0.5595200703125001 0.8593757140625 0.5869598609375 0.8642571421874999 0.6370663171875 0.7880857140625 0.6263298421875 0.7734371421875 0.6143996515625 0.7734371421875 0.6012757421875 0.78418
0 0.58934555 0.8642571421874999 0.6000837703124999 0.875 0.6585410125 0.889648571875 0.691944153125 0.829101428125 0.6991029671875 0.803711428125 0.6406457249999999 0.7832028578125 0.58934555 0.8642571421874999
0 0.51299301875 0.9072271421875 0.518958115625 0.9238285718749999 0.5368534031250001 0.9248042859375 0.5702582890625 0.8720700000000001 0.5428184984375 0.8574214281250001 0.522537521875 0.8818357140625 0.51299301875 0.9072271421875
0 0.565485165625 0.8798828578125001 0.5416265265625 0.922851428125 0.5452041890625 0.9335942859375 0.5678726000000001 0.9365228578125 0.5965043624999999 0.883788571875 0.5965043624999999 0.8759771421875 0.583380453125 0.8710942859375 0.565485165625 0.8798828578125001
0 0.5094153578125 0.83789 0.4521500875 0.8203128578125 0.44618499062500006 0.829101428125 0.4533438046875 0.8427728578125 0.431869109375 0.889648571875 0.4521500875 0.90625 0.4783961609375 0.9140628578125 0.4962914484375 0.9130857140625 0.51299301875 0.9052728578125 0.544012215625 0.8466799999999999 0.5285026171875 0.8359371421875 0.5094153578125 0.83789
0 0.385342059375 0.9042971421875 0.3519371734375 0.8925785718749999 0.3364275734375 0.9072271421875 0.34000698125 0.9140628578125 0.4151675390625 0.9443357140625 0.4342548 0.9033200000000001 0.42351832500000003 0.8847657140624999 0.399657940625 0.88086 0.385342059375 0.9042971421875
0 0.353130890625 0.891601428125 0.3734118671875 0.9042971421875 0.3913071546875 0.9033200000000001 0.3984642234375 0.8798828578125001 0.37579755625 0.86914 0.361481675 0.86914 0.353130890625 0.891601428125
0 0.30063874375 0.9697271421875 0.3590959859375 0.9902342859375001 0.39369284531250004 0.9951171421874999 0.410394415625 0.9482428578125001 0.3805689359375 0.93164 0.3280767890625 0.9140628578125 0.30063874375 0.9697271421875
0 0.50225654375 0.9179685718749999 0.48078184999999996 0.9199214281250001 0.4640802796875 0.9082028578125 0.43664048906249997 0.9091799999999999 0.424710296875 0.9443357140625 0.43783420624999997 0.9550785718749999 0.4831675390625 0.9804685718749999 0.4891326359375 0.9794928578125001 0.49032635312500006 0.9667971421875 0.5165724265625 0.9824214281250001 0.5392390921875 0.983398571875 0.55355671875 0.9677728578125 0.5630994765625 0.9443357140625 0.5595200703125001 0.9394528578125 0.50225654375 0.9179685718749999
0 0.5630994765625 0.9443357140625 0.5487835953125 0.9755857140625 0.554748690625 0.9882814281250001 0.573837696875 0.9804685718749999 0.6048551484375 0.9882814281250001 0.6143996515625 1 0.6466108203125 0.9990228578125 0.65496160625 0.9863285718749999 0.6752425828125 0.9794928578125001 0.6716631765625001 0.9726557140625 0.5630994765625 0.9443357140625
0 0.6311012218750001 0.8886714281250001 0.6012757421875 0.9501957140625 0.6752425828125 0.9716799999999999 0.6991029671875 0.9423828578125001 0.70864746875 0.915038571875 0.6859790578125 0.8984371421875 0.6311012218750001 0.8886714281250001
0 0.5678726000000001 0.9345700000000001 0.5714502625 0.94336 0.598890053125 0.9482428578125001 0.6299092500000001 0.889648571875 0.6048551484375 0.8769528578125 0.598890053125 0.8779299999999999 0.5678726000000001 0.9345700000000001
0 0.7265427578125 0.8105471421875 0.7026823734375001 0.80664 0.663312390625 0.889648571875 0.68359336875 0.8964842859375001 0.7050680625 0.8906257140625 0.71938394375 0.90625 0.73012041875 0.9052728578125 0.7456300171875 0.90039 0.7539808031249999 0.8876957140625 0.7587539265625 0.827148571875 0.7265427578125 0.8105471421875
0 0.53566143125 0.7226557140625001 0.565485165625 0.7294928578125 0.58934555 0.6865228578125 0.5499773125 0.669921428125 0.5201518328125 0.7119142859375 0.53566143125 0.7226557140625001
0 0.551169284375 0.670898571875 0.58934555 0.68457 0.6084345546875001 0.6513671421875 0.5714502625 0.636718571875 0.55355671875 0.6552728578125 0.551169284375 0.670898571875
0 0.5702582890625 0.733398571875 0.6311012218750001 0.761718571875 0.63945200625 0.7607428578125 0.6847870859375 0.6806642859375 0.6143996515625 0.6542971421875 0.5702582890625 0.7236328578125 0.5702582890625 0.733398571875
0 0.6466108203125 0.764648571875 0.74801570625 0.8105471421875 0.775455496875 0.8154299999999999 0.8017015703125001 0.7705071421875 0.8136317625 0.733398571875 0.6907521812499999 0.6835942859374999 0.6466108203125 0.764648571875
0 0.8852129140624999 0.7685542859375001 0.83152705 0.7480471421875 0.79215706875 0.8154299999999999 0.800507853125 0.8222657140624999 0.8088603843750001 0.821288571875 0.818403140625 0.8017571421874999 0.83868411875 0.7832028578125 0.8673176265625001 0.78711 0.8852129140624999 0.7685542859375001
0 0.996162303125 0.75 0.9579860390625001 0.732421428125 0.9484415359374999 0.7519528578125 0.93651134375 0.7539057140625001 0.9198097734375 0.7460942859374999 0.9019144859375 0.758788571875 0.8923699828125 0.7705071421875 0.8923699828125 0.795898571875 0.9126509593750001 0.8300785718749999 0.9436701578125 0.83789 0.9687225125 0.8369142859375 0.9854240843750001 0.829101428125 0.9997417109375 0.8095700000000001 0.9997417109375 0.7568357140625 0.996162303125 0.75
0 0.8959493890625 0.6972657140625 0.8649301921875001 0.6894528578125 0.8351064578124999 0.741211428125 0.8434572421875 0.7519528578125 0.8923699828125 0.766601428125 0.91861605625 0.741211428125 0.9162303671875 0.7236328578125 0.9257748687499999 0.71582 0.8959493890625 0.6972657140625
0 0.9424764390625 0.7197271421875 0.9866178015625 0.7460942859374999 0.9997417109375 0.74707 0.9997417109375 0.696288571875 0.9842321109375 0.6875 0.9532129140625001 0.705078571875 0.9424764390625 0.7197271421875
0 0.8911780109375 0.6464842859375 0.8685095984375 0.6865228578125 0.926966840625 0.7109371421875 0.9448621296875 0.7119142859375 0.9734956374999999 0.6923828578125 0.978267015625 0.6826171421875 0.9102652703125 0.6484371421875 0.8911780109375 0.6464842859375
0 0.77068411875 0.7080071421875 0.8160174515625 0.727538571875 0.8351064578124999 0.7080071421875 0.86135253125 0.65332 0.8100523562499999 0.6328128578125 0.77068411875 0.7080071421875
0 0.7229633515625 0.69043 0.768296684375 0.7060542859375001 0.79215706875 0.6689457140624999 0.8064729500000001 0.6298828578125 0.7599458984374999 0.613281428125 0.7229633515625 0.69043
0 0.691944153125 0.670898571875 0.6955235609375 0.6796871421875 0.7229633515625 0.6884771421875 0.7515951140625 0.633788571875 0.7515951140625 0.6123042859375001 0.7265427578125 0.6015628578125 0.691944153125 0.670898571875
0 0.6907521812499999 0.6035157140625 0.677628271875 0.6181642859375 0.6609267015625 0.6611328578125 0.666891796875 0.667968571875 0.691944153125 0.6748042859375001 0.7181902265625 0.6181642859375 0.7122251312500001 0.607421428125 0.69790925 0.6035157140625 0.6907521812499999 0.6035157140625
0 0.6143996515625 0.5527342859375 0.5702582890625 0.6298828578125 0.6048551484375 0.6484371421875 0.6585410125 0.6611328578125 0.6752425828125 0.6142571421875 0.6943315875 0.5986328578125 0.6967172781250001 0.5888671421875 0.6143996515625 0.5527342859375
0 0.7742617796875 0.47851571406250004 0.7635253046875 0.483398571875 0.711033159375 0.5830071421875 0.7217696328125001 0.59375 0.7635253046875 0.6064457140624999 0.7730698078125 0.6005857140625 0.823176265625 0.508788571875 0.8148254796875 0.49413999999999997 0.7742617796875 0.47851571406250004
0 0.6561553234375 0.483398571875 0.625136125 0.5498042859375001 0.6955235609375 0.5839842859375 0.7062617796875 0.5830071421875 0.7539808031249999 0.5009771421875 0.761139615625 0.477538571875 0.6859790578125 0.4414057140625 0.6561553234375 0.483398571875
0 0.8506143109375 0.5097657140625 0.8291413609375 0.5078128578125 0.77068411875 0.608398571875 0.8482286218749999 0.644531428125 0.8685095984375 0.6455071421875 0.9233891796875 0.5576171421875 0.91861605625 0.547851428125 0.884019196875 0.52539 0.8506143109375 0.5097657140625
0 0.931739965625 0.574218571875 0.9138446765625 0.5927728578125 0.894755671875 0.641601428125 0.9484415359374999 0.6640628578125 0.9615654453125 0.6630857140625 0.9806527046875001 0.6376957140624999 0.9878115187500001 0.610351428125 0.9675305406250001 0.58789 0.931739965625 0.574218571875
0 0.997354275 0.69043 0.9997417109375 0.62207 0.9913891796875 0.6152342859375 0.9615654453125 0.6689457140624999 0.997354275 0.69043
0 0.9162303671875 0.3447271421875 0.9210017453124999 0.360351428125 0.9388970328124999 0.375 0.9615654453125 0.37988285781250003 0.997354275 0.303711428125 0.996162303125 0.20898428593750001 0.9496352531250001 0.2744142859375 0.9162303671875 0.3447271421875
0 0.996162303125 0.30663999999999997 0.9615654453125 0.383788571875 0.997354275 0.4013671421875 0.996162303125 0.30663999999999997
0 0.2660401390625 0.035155714062499996 0.3555165796875 0.0556642859375 0.3769912734375 0.022461428125 0.38295637031249996 0 0.24337347343750002 0.0009771421875 0.2660401390625 0.035155714062499996
0 0.2612687609375 0.05078142812500001 0.211162303125 0.0410157140625 0.1980401390625 0.05957 0.17895113437500001 0.1123042859375 0.2851291453125 0.144531428125 0.3101815015625 0.1455071421875 0.353130890625 0.05957 0.2755846421875 0.03711 0.2648481671875 0.0380857140625 0.2612687609375 0.05078142812500001
0 0.43783420624999997 0.0644528578125 0.44857068125 0.0634771421875 0.48436125625 0.0009771421875 0.3901134375 0 0.37221815 0.040038571875 0.43783420624999997 0.0644528578125
0 0.3125689359375 0.1494142859375 0.396078534375 0.172851428125 0.44857068125 0.071288571875 0.3877277484375 0.046875714062500004 0.36863874375 0.044921428125 0.3125689359375 0.1494142859375
0 0.48794066249999996 0 0.460500871875 0.047851428125 0.45692146562499997 0.07031285781249999 0.5118010468749999 0.0898442859375 0.5368534031250001 0.0927728578125 0.5487835953125 0.077148571875 0.5392390921875 0.05175714218750001 0.5607137875 0.053711428125 0.5857678890625 0 0.48794066249999996 0
0 0.46169459062499996 0.0722657140625 0.44857068125 0.077148571875 0.4008516578125 0.1689457140625 0.40920244375000003 0.17773428593750001 0.4509563703125 0.1865228578125 0.4891326359375 0.1806642859375 0.5273089 0.102538571875 0.5237312390625 0.09375 0.46169459062499996 0.0722657140625
0 0.7038743453125 0.13378857187499998 0.5762233859375 0.080078571875 0.5595200703125001 0.07812571406249999 0.5344677140625 0.102538571875 0.49390575937500003 0.1865228578125 0.5213438046875 0.20312571406250002 0.554748690625 0.20507857187499998 0.573837696875 0.2226557140625 0.58218848125 0.22363285781250003 0.6012757421875 0.21386714218749997 0.6358726 0.16601571406249999 0.6788219890625 0.173828571875 0.7038743453125 0.13378857187499998
0 0.64422513125 0.2490228578125 0.6800139609375 0.1826171421875 0.6358726 0.167968571875 0.6012757421875 0.22168000000000002 0.64422513125 0.2490228578125
0 0.6489965093750001 0.2373042859375 0.6609267015625 0.24706999999999998 0.6943315875 0.19628857187499998 0.6883664921875 0.18554714218749999 0.677628271875 0.19043000000000002 0.6489965093750001 0.2373042859375
0 0.6991029671875 0.170898571875 0.70148865625 0.2001957140625 0.687172775 0.21386714218749997 0.6800139609375 0.2294928578125 0.6847870859375 0.2314457140625 0.67285689375 0.2373042859375 0.6680855140624999 0.258788571875 0.7098394421875 0.2792971421875 0.7873856890625001 0.3017571421875 0.79931588125 0.290038571875 0.837492146875 0.2119142859375 0.7122251312500001 0.1523442859375 0.6991029671875 0.170898571875
0 0.7158045375000001 0.1455071421875 0.7551745203125 0.167968571875 0.837492146875 0.20214857187500002 0.8780541015625 0.1435542859375 0.9066858640625 0.0810542859375 0.7766492140625 0.042968571875 0.7158045375000001 0.1455071421875
0 0.5953106453125 0 0.565485165625 0.0498042859375 0.5630994765625 0.071288571875 0.674048865625 0.1171871421875 0.70864746875 0.1259771421875 0.7205776609375001 0.116211428125 0.7659109953125001 0.0419928578125 0.6501902265624999 0.0019528578125000001 0.5953106453125 0
0 0.8601588124999999 0.0605471421875 0.8756684124999999 0.05957 0.9031064578124999 0 0.6609267015625 0.0009771421875 0.8028952874999999 0.044921428125 0.8601588124999999 0.0605471421875
0 0.93651134375 0.0839842859375 0.95440663125 0.084961428125 0.9687225125 0.0009771421875 0.9078795812499999 0 0.8780541015625 0.0634771421875 0.93651134375 0.0839842859375
0 0.997354275 0.1455071421875 0.9997417109375 0.0009771421875 0.9723019203125001 0 0.9520209421875 0.11816428593749999 0.997354275 0.1455071421875
0 0.9496352531250001 0.0888671421875 0.9198097734375 0.080078571875 0.8852129140624999 0.1513671421875 0.946055846875 0.169921428125 0.9496352531250001 0.1767571421875 0.9377050609375001 0.20410142812499998 0.978267015625 0.2255857140625 0.997354275 0.2001957140625 0.997354275 0.1513671421875 0.9520209421875 0.1201171421875 0.9496352531250001 0.0888671421875
0 0.8780541015625 0.1572271421875 0.8565794062500001 0.2001957140625 0.8446492140625 0.24706999999999998 0.8303333328125 0.264648571875 0.8482286218749999 0.28125 0.8852129140624999 0.28418 0.9448621296875 0.1748042859375 0.9174240843750001 0.1601557140625 0.8864048859375 0.1523442859375 0.8780541015625 0.1572271421875
0 0.804087259375 0.30761714218749997 0.8267539265625 0.32031285781249996 0.8565794062500001 0.32519571406250003 0.8756684124999999 0.2880857140625 0.819596859375 0.27538999999999997 0.804087259375 0.295898571875 0.804087259375 0.30761714218749997
0 0.8637382203125 0.33105428593749997 0.8935637 0.34375 0.9114589875 0.3447271421875 0.9400907500000001 0.2822271421875 0.9031064578124999 0.26953142812499997 0.8685095984375 0.3134771421875 0.8637382203125 0.33105428593749997
0 0.9066858640625 0.266601428125 0.9400907500000001 0.28418 0.9758813265624999 0.22168000000000002 0.93651134375 0.20507857187499998 0.9066858640625 0.2568357140625 0.9066858640625 0.266601428125