0 0.2481971421875 0.690055 0.0944628578125 0.996185 0.1697871421875 1 0.307468571875 0.7239099999999999 0.2481971421875 0.690055
0 0.243258571875 0.6850133328125 0.1827528578125 0.6475566671874999 0.1438557140625 0.7210283328125 0.204978571875 0.7656866671875 0.243258571875 0.6850133328125
0 0.1420028578125 0.7282316671875 0.10742857187499999 0.79594 0.16423000000000001 0.8384383328125 0.2012742859375 0.77145 0.1420028578125 0.7282316671875
0 0.10187142812500001 0.8045833328124999 0.050627142187499995 0.8989433328124999 0.1080457140625 0.9428833328125 0.15990857187500002 0.8463616671875 0.10187142812500001 0.8045833328124999
0 0.051862857812499996 0.91191 0.0018528578125 0.9997866671875 0.08582 0.9997866671875 0.1055771421875 0.9508066671875 0.051862857812499996 0.91191
0 0.26178 1 0.3772357140625 0.7671283328125 0.31117285781250004 0.7231883328125 0.1889257140625 0.9709749999999999 0.23214428593749997 1 0.26178 1
0 0.1864571421875 0.9752966671875001 0.173491428125 0.9990666671874999 0.2222657140625 0.9983466671875 0.1864571421875 0.9752966671875001
0 0.3476 0.9997866671875 0.44762 0.8067449999999999 0.3803228578125 0.77145 0.271041428125 0.9918633328125 0.285858571875 0.9997866671875 0.3476 0.9997866671875
0 0.4389757140625 0.9997866671875 0.519238571875 0.8521233328125 0.45935 0.8139483328124999 0.45132428593749996 0.8067449999999999 0.34945142812499996 1 0.4389757140625 0.9997866671875
0 0.0660628578125 0.7080616671875 0.11360285781249999 0.6050583328125 0.08767142812499999 0.5906516671875 0.074088571875 0.620185 0.0364271421875 0.6886133328125 0.0660628578125 0.7080616671875
0 0.145708571875 0.6252266671875 0.1173071421875 0.6101 0.06667999999999999 0.7102233328125 0.0913757140625 0.72679 0.145708571875 0.6252266671875
0 0.1809 0.643235 0.15126428593750002 0.6266683328125 0.0981671421875 0.7303916671875 0.12224714218749999 0.75056 0.1809 0.643235
0 0.075941428125 0.7188666671874999 0.0345742859375 0.6936566671875 0.004321428125 0.7455183328125 0.0530971421875 0.7728900000000001 0.075941428125 0.7188666671874999
0 0.12286428593750001 0.7520016671875001 0.0827328578125 0.7253499999999999 0.0561842859375 0.7750516671875001 0.0981671421875 0.8024233328125 0.12286428593750001 0.7520016671875001
0 0.09508 0.8053033328125 0.0049385718750000005 0.7520016671875001 0 0.81971 0.0629757140625 0.86581 0.09508 0.8053033328125
0 0.0030871421875 0.8939016671875001 0.0351928578125 0.9162316671875 0.059888571875 0.8722933328125 0 0.8269133328124999 0.0030871421875 0.8939016671875001
0 0.0339571421875 0.9241550000000001 0.0006171421875 0.8989433328124999 0 0.9904233328125001 0.0339571421875 0.9241550000000001
0 0 0.6028983328125 0.053714285937499995 0.6439549999999999 0.0827328578125 0.5827283328124999 0 0.5215033328125 0 0.6028983328125
0 0 0.6886133328125 0.021608571875 0.7073416671875 0.0530971421875 0.6497183328125 0 0.6064983328125 0 0.6886133328125
0 0.016669999999999997 0.7109433328125 0 0.6958166671875 0.00247 0.7440783328125 0.016669999999999997 0.7109433328125
0 0.0339571421875 0.4033716671875 0 0.479005 0.08335000000000001 0.5531966671874999 0.1339771421875 0.4638783328125 0.0339571421875 0.4033716671875
0 0.138298571875 0.33206166718749996 0.0747057140625 0.2866816671875 0.021608571875 0.384645 0.0919942859375 0.43218500000000004 0.138298571875 0.33206166718749996
0 0.1778128578125 0.3925683328125 0.09755 0.5647216671875 0.1438557140625 0.5942533328125 0.22597142812499998 0.4264216671875 0.1778128578125 0.3925683328125
0 0.15126428593750002 0.41994 0.11298571406249999 0.39905 0.0963157140625 0.432905 0.13583 0.45523499999999995 0.15126428593750002 0.41994
0 0.1753428578125 0.37528 0.13089 0.3536716671875 0.1148371421875 0.3918466671875 0.154968571875 0.4170583328125 0.1753428578125 0.37528
0 0.201891428125 0.3219783328125 0.15990857187500002 0.2967666671875 0.1339771421875 0.3479083328125 0.1753428578125 0.3695183328125 0.201891428125 0.3219783328125
0 0.30129428593749996 0.2607516671875 0.254371428125 0.2304983328125 0.1821342859375 0.387525 0.1827528578125 0.3932883328125 0.2253528578125 0.42282000000000003 0.30129428593749996 0.2607516671875
0 0.2339971421875 0.2535483328125 0.1938657140625 0.22545666718750002 0.17472571406249998 0.25859 0.21979714218750002 0.2845216671875 0.2339971421875 0.2535483328125
0 0.2037442859375 0.317655 0.2173271421875 0.2888433328125 0.1753428578125 0.2600316671875 0.159291428125 0.2888433328125 0.2037442859375 0.317655
0 0.1889257140625 0.22041333281250003 0.12101142812500001 0.1786366671875 0.0747057140625 0.28236 0.140151428125 0.32846000000000003 0.1889257140625 0.22041333281250003
0 0.11669 0.176475 0.0037042859375000002 0.0994016671875 0.0006171421875 0.1908816671875 0.0895242859375 0.24634499999999998 0.11669 0.176475
0 0 0.293165 0.0493928578125 0.32702 0.08767142812499999 0.2499466671875 0.0012342859374999998 0.1952033328125 0 0.293165
0 0.0030871421875 0.3680766671875 0 0.4638783328125 0.030869999999999998 0.3947283328125 0.0030871421875 0.3680766671875
0 0.021608571875 0.3824833328125 0.0481571421875 0.3306216671875 0.024078571875 0.31549499999999997 0.0111128578125 0.34142666718750003 0 0.3363833328125 0.0012342859374999998 0.3651966671875 0.021608571875 0.3824833328125
0 0.1981871421875 0.11452833281250001 0.1562042859375 0.1952033328125 0.235231428125 0.2492266671875 0.2772157140625 0.16567 0.1981871421875 0.11452833281250001
0 0.268571428125 0.011525 0.2055957140625 0.11525 0.2790671421875 0.16711166718749998 0.32475571406250003 0.057625 0.268571428125 0.011525
0 0.2055957140625 0 0.1629957140625 0.083555 0.20251000000000002 0.1116483328125 0.2648671421875 0.010804999999999999 0.25005 0 0.2055957140625 0
0 0.192631428125 0.1130883328125 0.1148371421875 0.057625 0.088288571875 0.11669 0.1586728578125 0.1728733328125 0.192631428125 0.1130883328125
0 0.1586728578125 0.17791666718750002 0.10495857187499999 0.1361383328125 0.09508 0.128215 0.088288571875 0.12389333281249999 0.07161857187500001 0.14046 0.1525 0.19448333281250002 0.1586728578125 0.17791666718750002
0 0.07841000000000001 0.02233 0.04754 0.0043216671875 0.00247 0.0893183328125 0.0302528578125 0.1130883328125 0.07841000000000001 0.02233
0 0 0.0857166671875 0.041365714062499996 0.0014399999999999999 0 0 0 0.0857166671875
0 0.12224714218749999 0 0.0994028578125 0.0381766671875 0.15743857187500002 0.0763533328125 0.1981871421875 0.0007199999999999999 0.12224714218749999 0
0 0.1105157140625 0.0525816671875 0.0802628578125 0.028091667187500002 0.033339999999999995 0.11452833281250001 0.068531428125 0.13974 0.0839671421875 0.12029166718749999 0.1105157140625 0.0525816671875
0 0.095698571875 0.033855 0.1179242859375 0.0007199999999999999 0.1179242859375 0 0.05001 0.0014399999999999999 0.095698571875 0.033855
0 0.33031285781249997 0.05330333281250001 0.3562442859375 0.0021616671875 0.26733714218750004 0.0021616671875 0.33031285781249997 0.05330333281250001
0 0.3056157140625 0.2607516671875 0.38155714218750003 0.09364 0.335251428125 0.06122666718749999 0.3031471421875 0.127495 0.2537542859375 0.22977833281249999 0.3056157140625 0.2607516671875
0 0.2037442859375 0.6345916671875 0.2945028578125 0.43146500000000004 0.24511 0.3947283328125 0.1586728578125 0.5762466671875 0.1697871421875 0.60938 0.2037442859375 0.6345916671875
0 0.34945142812499996 0.46963999999999995 0.2994428578125 0.434345 0.20683142812500002 0.6345916671875 0.2623971421875 0.6634033328125 0.34945142812499996 0.46963999999999995
0 0.3618 0.6007366671875001 0.31055571406250004 0.5640016671875 0.2630157140625 0.667005 0.30993857187499996 0.6972583328125 0.3618 0.6007366671875001
0 0.3704442859375 0.7318333328125 0.4723157140625 0.5445533328125001 0.4148971421875 0.5121383328125 0.37847 0.5755266671875 0.3136428578125 0.6979783328125 0.3704442859375 0.7318333328125
0 0.437741428125 0.4645983328125 0.3778528578125 0.4264216671875 0.31179 0.5611200000000001 0.3630357140625 0.597855 0.437741428125 0.4645983328125
0 0.405018571875 0.32702 0.3618 0.2989283328125 0.30129428593749996 0.42930333281250005 0.3506871421875 0.4645983328125 0.405018571875 0.32702
0 0.352538571875 0.2967666671875 0.306851428125 0.2665133328125 0.2469628578125 0.3904066671875 0.29759 0.43002333281249994 0.352538571875 0.2967666671875
0 0.48219428593749997 0.16207 0.3864971421875 0.1015633328125 0.3080857140625 0.2629116671875 0.404401428125 0.3263 0.48219428593749997 0.16207
0 0.57604 0.2189733328125 0.4840471421875 0.16351 0.4463842859375 0.24562499999999998 0.5315871421875 0.30541 0.57604 0.2189733328125
0 0.48960285781249996 0.3680766671875 0.53097 0.3104533328125 0.44515000000000005 0.2499466671875 0.4130457140625 0.316215 0.4537942859375 0.34214666718750003 0.48960285781249996 0.3680766671875
0 0.41181 0.42210000000000003 0.4081057140625 0.4357866671875 0.4371242859375 0.4588366671875 0.4920728578125 0.37023833281249996 0.4537942859375 0.3464683328125 0.41181 0.42210000000000003
0 0.3778528578125 0.4170583328125 0.3982271421875 0.4357866671875 0.44700285781250004 0.34214666718750003 0.4136628578125 0.3183766671875 0.3778528578125 0.4170583328125
0 0.5315871421875 0.4365066671875 0.48281142812500005 0.39761 0.41613142812500004 0.5070966671875 0.4723157140625 0.5409516671875 0.5315871421875 0.4365066671875
0 0.5340571421875 0.42930333281250005 0.6038242859375 0.30613 0.5556657140625 0.2715566671875 0.4982471421875 0.3651966671875 0.48528142812499997 0.3904066671875 0.5340571421875 0.42930333281250005
0 0.630371428125 0.25787 0.5803628578125 0.22329500000000002 0.5556657140625 0.2665133328125 0.605058571875 0.30613 0.630371428125 0.25787
0 0.671738571875 0.34935 0.6062928578125 0.3097316671875 0.5359085718750001 0.4393883328125 0.607528571875 0.48692833281250003 0.671738571875 0.34935
0 0.48528142812499997 0.8045833328124999 0.647041428125 0.5121383328125 0.60938 0.48908833281249997 0.5680142859374999 0.5625600000000001 0.4439157140625 0.7750516671875001 0.48528142812499997 0.8045833328124999
0 0.6025885718749999 0.4883683328125 0.5340571421875 0.44443 0.48219428593749997 0.5301466671874999 0.5513442859375 0.5820083328125001 0.6025885718749999 0.4883683328125
0 0.5464042859375 0.58705 0.4815771421875 0.5409516671875 0.3722957140625 0.7325533328125 0.4414457140625 0.77217 0.5464042859375 0.58705
0 0.6482771421875 0.6518783328125 0.5939457140625 0.619465 0.488368571875 0.806025 0.5383785718749999 0.8405416671875001 0.6482771421875 0.6518783328125
0 0.7063128578125 0.5445533328125001 0.655068571875 0.5106983328125 0.5927100000000001 0.6158633328125 0.652598571875 0.6461166671874999 0.7063128578125 0.5445533328125001
0 0.7180442859375 0.38104333281249997 0.6754428578125 0.35295 0.6137028578125 0.4840466671875 0.655068571875 0.5070966671875 0.7180442859375 0.38104333281249997
0 0.71187 0.338545 0.7161914281249999 0.3126133328125 0.635928571875 0.25859 0.6130842859375 0.30541 0.7013742859375001 0.362315 0.71187 0.338545
0 0.4439157140625 0.0633866671875 0.3624171421875 0.012245 0.3346342859375 0.0554633328125 0.42045428593749995 0.10876666718750001 0.4439157140625 0.0633866671875
0 0.4463842859375 0.061946667187500006 0.47108142812500003 0.0187283328125 0.4445328578125 0.0028816671875 0.3618 0.0014399999999999999 0.356861428125 0.010085 0.4463842859375 0.061946667187500006
0 0.552578571875 0.0763533328125 0.4754028578125 0.02377 0.45194142812500004 0.0641066671875 0.5303528578125001 0.11525 0.552578571875 0.0763533328125
0 0.502568571875 0.16494999999999999 0.5254128578125 0.11884999999999998 0.44700285781250004 0.0655483328125 0.42415857187499995 0.1080466671875 0.502568571875 0.16494999999999999
0 0.5865357140625 0.1613483328125 0.5315871421875 0.12317333281250001 0.5056557140625 0.16494999999999999 0.5649271421875001 0.2052883328125 0.5865357140625 0.1613483328125
0 0.5914757140625 0.1599083328125 0.60938 0.1130883328125 0.5581357140625001 0.080675 0.556901428125 0.07707333281249999 0.532821428125 0.12173166718749999 0.5914757140625 0.1599083328125
0 0.5914757140625 0.010085 0.5587528578125001 0.07275166718750001 0.6390157140625 0.127495 0.6729728578125 0.0662683328125 0.5914757140625 0.010085
0 0.4562628578125 0.0014399999999999999 0.5538142859375 0.06987 0.5896228578125 0.006483332812500001 0.5815971421875 0.0007199999999999999 0.4562628578125 0.0014399999999999999
0 0.59024 0 0.7803771421875 0.1361383328125 0.800751428125 0.0907583328125 0.6741828578125 0 0.59024 0
0 0.7328371421875 0.1923216671875 0.753211428125 0.2160916671875 0.7637071421875 0.21248999999999998 0.78223 0.13974 0.6791228578124999 0.07131 0.6433128578125 0.1332566671875 0.67974 0.1591883328125 0.7328371421875 0.1923216671875
0 0.7069057140624999 0.1807966671875 0.6149128578124999 0.11957166718750001 0.59392 0.1613483328125 0.687148571875 0.221855 0.7069057140624999 0.1807966671875
0 0.5926857140624999 0.16423000000000001 0.5710757140625 0.2074483328125 0.6661571421875 0.270835 0.687148571875 0.22617666718749999 0.5926857140624999 0.16423000000000001
0 0.7112271421874999 0.1822383328125 0.708758571875 0.1829583328125 0.6667742859375 0.2737166671875 0.722958571875 0.31405333281250003 0.7618557140625 0.221135 0.7112271421874999 0.1822383328125
0 0.831621428125 0.0518616671875 0.7637071421875 0.0007199999999999999 0.687148571875 0.0021616671875 0.8019871421874999 0.08643666718750001 0.831621428125 0.0518616671875
0 0.86311 0.0208883328125 0.858788571875 0.0007199999999999999 0.7692642859375 0 0.8303871421875 0.0497016671875 0.86311 0.0208883328125
0 0.9097528578125 0.37 0.98974 0.41333333281250006 1 0.3333333328125 0.9183242859374999 0.29500000000000004 0.9583171421875001 0.1916666671875 0.798571428125 0.1295833328125 0.7383528578125 0.2866666671875 0.8869 0.375 0.9097528578125 0.37
0 0.7359242859374999 0.37456 0.7945771421875001 0.4033716671875 0.8624928578125 0.4408283328125 0.8890414281250001 0.38104333281249997 0.742098571875 0.2946066671875 0.720488571875 0.32053666718749996 0.7130799999999999 0.35583166718750003 0.7359242859374999 0.37456
0 0.7859342859375 0.409855 0.725428571875 0.376 0.6562785718749999 0.5092583328125 0.7093757140625 0.53951 0.7859342859375 0.409855
0 0.8668142859374999 0.44875166718750004 0.7896385718750001 0.41129499999999997 0.7278971421875 0.5143 0.800751428125 0.5647216671875 0.8668142859374999 0.44875166718750004
0 0.7062885718749999 0.72607 0.7951942859375001 0.5647216671875 0.72481 0.5222233328125 0.6334342859375 0.67997 0.7062885718749999 0.72607
0 0.6000942859375 0.878055 0.67974 0.7174266671875 0.6451657140625 0.6929366671875 0.6328171421875 0.6857333328124999 0.541441428125 0.8434799999999999 0.6000942859375 0.878055
0 0.603798571875 0.8787750000000001 0.6618357140625 0.9248749999999999 0.735070696875 0.7554287390625001 0.686531428125 0.7195866671875 0.603798571875 0.8787750000000001
0 0.8643442859375 0.8355566671875 0.739011428125 0.7563233328125001 0.7019671421875 0.8434799999999999 0.8211257140624999 0.91335 0.8643442859375 0.8355566671875
0 0.6852971421875 0.8823766671875 0.7976642859374999 0.9565683328125001 0.8186571421875 0.9155116671875 0.6994971421875 0.8463616671875 0.6852971421875 0.8823766671875
0 0.68221 0.8881399999999999 0.668008571875 0.9255950000000001 0.775438571875 0.9904233328125001 0.7945771421875001 0.9587300000000001 0.68221 0.8881399999999999
0 0.8452042859375 0.6612416671875 0.7779071421875 0.6158633328125 0.708758571875 0.7289516671875 0.7877857140625 0.7793733328125 0.8452042859375 0.6612416671875
0 0.772968571875 0.6115416671875 0.84891 0.6612416671875 0.9100328578125 0.5481533328125 0.8402657140625 0.502055 0.805691428125 0.5625600000000001 0.7976642859374999 0.5668816671875 0.772968571875 0.6115416671875
0 0.9267028578125001 0.7181466671875001 0.8532314281250001 0.6648433328125 0.7877857140625 0.7822533328125 0.8643442859375 0.8362766671875 0.9267028578125001 0.7181466671875001
0 0.9291728578124999 0.7167066671875 0.9884428578125 0.6014566671875 0.9106500000000001 0.5531966671874999 0.8532314281250001 0.6598016671875 0.9291728578124999 0.7167066671875
0 0.9982728578125 0.58633 1 0.550315 0.8692842859375001 0.455955 0.8389814281250001 0.4984533328125 0.9902457140625 0.5992966671875 0.9982728578125 0.58633
0 0.9383842859374999 0.7109433328125 0.99889 0.7512816671875 1 0.597135 0.9383842859374999 0.7109433328125
0 0.8636771421875 0.8470816671874999 0.9278885718750001 0.8917416671874999 0.99889 0.7570433328124999 0.93468 0.7116633328125 0.8636771421875 0.8470816671874999
0 0.78465 0.9990666671874999 0.872938571875 1 0.92727 0.8946216671875 0.8618257140625 0.8521233328125 0.8519471421875 0.8643700000000001 0.8068757140624999 0.946485 0.78465 0.9990666671874999
0 1 0.854285 0.9686371421875 0.8341166671875 0.9359142859375 0.8917416671874999 0.903191428125 0.9587300000000001 0.950731428125 0.9904233328125001 1 0.8975033328125 1 0.854285
0 0.94641 1 0.9476457140625 0.9904233328125001 0.8970171421875 0.96161 0.8760257140625001 1 0.94641 1
0 1 0.9025449999999999 0.9501142859374999 1 1 1 1 0.9025449999999999
0 1 0.79594 0.9908628578125 0.785855 0.9667842859375 0.8269133328124999 1 0.8506833328125 1 0.79594
0 0.6543771421875 1 0.674751428125 0.9551283328125001 0.5197828578125 0.8564450000000001 0.46421571406249995 0.9637716671875 0.5166957140624999 1 0.6543771421875 1
0 0.677838571875 0.9558483328125 0.6568471421875001 1 0.7500742859375 0.9969049999999999 0.677838571875 0.9558483328125
0 0.4623628578125 0.9680933328125001 0.4407542859375 0.9983466671875 0.5142257140625001 0.9997866671875 0.4623628578125 0.9680933328125001
0 0.8726885718749999 0.1437366671875 0.9399942859375001 0.17834 0.9582471421875001 0.1756783328125 0.9822028578124999 0.125105 1 0.0638833328125 0.9297271421875 0.046581667187499995 0.8726885718749999 0.0625516671875 0.861281428125 0.1051416671875 0.8726885718749999 0.1437366671875
0 1 0.334055 0.9970328578125001 0.21826666718749999 0.9620561578125001 0.1972817734375 0.9206014281250001 0.2874733328125 1 0.334055