0 0.0634771421875 0.9707028578125 0.047851428125 0.9570314281250001 0.0244142859375 0.9453128578125 0.017578571874999997 0.9501957140625 0 0.985351428125 0.0068357140625000005 0.99414 0.012695714062499999 0.9960942859375 0.016601428125 1 0.074218571875 0.9990228578125 0.082031428125 0.9873042859375 0.080078571875 0.9814457140625 0.0693357140625 0.9726557140625 0.0634771421875 0.9707028578125
0 0.1123042859375 1 0.113281428125 0.9990228578125 0.11035142812500001 0.9960942859375 0.10839857187499999 0.9960942859375 0.1064457140625 0.99414 0.10449285781249999 0.99414 0.102538571875 0.9921871421875 0.10058571406250001 0.9921871421875 0.09082 0.9863285718749999 0.084961428125 0.9863285718749999 0.074218571875 0.9970700000000001 0.0751957140625 1 0.1123042859375 1
0 0.1718757140625 0.9384771421875 0.16406285781250002 0.9501957140625 0.1601557140625 0.9638671421874999 0.1513671421875 0.9707028578125 0.139648571875 0.9609371421875 0.13281285781250002 0.9677728578125 0.113281428125 0.9990228578125 0.2226557140625 0.9990228578125 0.23242142812500002 0.983398571875 0.23242142812500002 0.9716799999999999 0.17871142812500002 0.9375 0.1718757140625 0.9384771421875
0 0.1689457140625 0.9140628578125 0.1455071421875 0.8984371421875 0.1357428578125 0.8886714281250001 0.12793000000000002 0.8867185718749999 0.113281428125 0.8994142859375 0.1035157140625 0.915038571875 0.0976557140625 0.9306642859375 0.102538571875 0.9394528578125 0.12793000000000002 0.9492185718749999 0.141601428125 0.9609371421875 0.1523442859375 0.9619142859375 0.1601557140625 0.9560542859375 0.173828571875 0.9345700000000001 0.175781428125 0.920898571875 0.1689457140625 0.9140628578125
0 0.1552728578125 0 0.15039 0.008788571875 0.136718571875 0.0205071421875 0.13476571406249999 0.02832 0.1289057140625 0.0322271421875 0.1357428578125 0.039062857812500004 0.172851428125 0.05664 0.1806642859375 0.0644528578125 0.1884771421875 0.0664057140625 0.20410142812499998 0.076171428125 0.21875 0.077148571875 0.22851571406249999 0.053711428125 0.22851571406249999 0.045898571875 0.22461000000000003 0.0380857140625 0.2177728578125 0.029297142187500003 0.20996142812500002 0.0273442859375 0.18456999999999998 0.011718571875 0.1767571421875 0.0097657140625 0.1611328578125 0 0.1552728578125 0
0 0.0888671421875 0 0.08789 0.0009771421875 0.08789 0.0048828578125000004 0.08593714218750001 0.0068357140625000005 0.08593714218750001 0.0185542859375 0.0888671421875 0.0214842859375 0.09082 0.0214842859375 0.0927728578125 0.023437142187500003 0.09668 0.023437142187500003 0.0986328578125 0.025390000000000003 0.10839857187499999 0.025390000000000003 0.11035142812500001 0.0273442859375 0.11425714218750001 0.0273442859375 0.116211428125 0.029297142187500003 0.12793000000000002 0.029297142187500003 0.1289057140625 0.02832 0.13476571406249999 0.0244142859375 0.13476571406249999 0.022461428125 0.14648428593750001 0.008788571875 0.14648428593750001 0.0009771421875 0.1455071421875 0 0.0888671421875 0
0 0.1123042859375 0.029297142187500003 0.102538571875 0.029297142187500003 0.084961428125 0.0214842859375 0.0751957140625 0.023437142187500003 0.0722657140625 0.026367142187499998 0.077148571875 0.03711 0.0869142859375 0.044921428125 0.09668 0.046875714062500004 0.09961 0.0498042859375 0.09961 0.057617142187500005 0.09375 0.0693357140625 0.0947271421875 0.074218571875 0.1123042859375 0.080078571875 0.139648571875 0.09961 0.1523442859375 0.0986328578125 0.16211 0.0888671421875 0.175781428125 0.0615228578125 0.170898571875 0.05664 0.1123042859375 0.029297142187500003
0 0.09375 0.0693357140625 0.09961 0.05957 0.09961 0.053711428125 0.1015628578125 0.05175714218750001 0.09668 0.046875714062500004 0.0927728578125 0.046875714062500004 0.09082 0.044921428125 0.0869142859375 0.044921428125 0.084961428125 0.042968571875 0.08300714218750001 0.042968571875 0.07324285781249999 0.05078142812500001 0.0634771421875 0.0546871421875 0.0556642859375 0.0605471421875 0.053711428125 0.0605471421875 0.05175714218750001 0.058594285937500004 0.046875714062500004 0.05957 0.047851428125 0.0644528578125 0.05175714218750001 0.0644528578125 0.053711428125 0.0664057140625 0.0556642859375 0.0664057140625 0.06543 0.0722657140625 0.0693357140625 0.0722657140625 0.0751957140625 0.076171428125 0.0810542859375 0.076171428125 0.08300714218750001 0.07812571406249999 0.0839842859375 0.077148571875 0.0869142859375 0.074218571875 0.09082 0.074218571875 0.09375 0.071288571875 0.09375 0.0693357140625
0 0 0.0927728578125 0.0078128578125 0.0986328578125 0.0097657140625 0.11425714218750001 0.016601428125 0.11914 0.0205071421875 0.11914 0.025390000000000003 0.1240228578125 0.025390000000000003 0.1357428578125 0.017578571874999997 0.1455071421875 0.0244142859375 0.1523442859375 0.040038571875 0.1601557140625 0.046875714062500004 0.15918000000000002 0.0546871421875 0.15331999999999998 0.0625 0.1357428578125 0.0664057140625 0.1318357140625 0.07812571406249999 0.10058571406250001 0.0751957140625 0.0957028578125 0.0419928578125 0.080078571875 0.02832 0.076171428125 0.008788571875 0.074218571875 0 0.08300714218750001 0 0.0927728578125
0 0.22753857187499998 0.08789 0.17871142812500002 0.0644528578125 0.173828571875 0.0673828578125 0.15820285781250001 0.0947271421875 0.14648428593750001 0.1201171421875 0.14648428593750001 0.1259771421875 0.19628857187499998 0.14843714218749998 0.20312571406250002 0.14746142812500002 0.2265628578125 0.11035142812500001 0.23242142812500002 0.0986328578125 0.23242142812500002 0.0927728578125 0.22753857187499998 0.08789
0 0.28418 0.1171871421875 0.2802728578125 0.113281428125 0.24121142812500002 0.0957028578125 0.23437571406250002 0.10058571406250001 0.2226557140625 0.1240228578125 0.2109371421875 0.139648571875 0.207031428125 0.1513671421875 0.21386714218749997 0.15820285781250001 0.2177728578125 0.15820285781250001 0.2294928578125 0.16601571406249999 0.23339857187500002 0.16601571406249999 0.264648571875 0.18164 0.26953142812499997 0.1806642859375 0.28906285781249996 0.14746142812500002 0.2968757140625 0.1259771421875 0.2880857140625 0.1171871421875 0.28418 0.1171871421875
0 0.199218571875 0.1513671421875 0.172851428125 0.136718571875 0.1689457140625 0.136718571875 0.1552728578125 0.1289057140625 0.1455071421875 0.12695285781250001 0.13086 0.14746142812500002 0.1210942859375 0.1669928578125 0.1210942859375 0.170898571875 0.141601428125 0.17968714218749998 0.1689457140625 0.19726571406249999 0.17773428593750001 0.1982428578125 0.1914057140625 0.172851428125 0.1914057140625 0.1689457140625 0.199218571875 0.1572271421875 0.199218571875 0.1513671421875
0 0.20410142812499998 0.15429714218749999 0.199218571875 0.1572271421875 0.17773428593750001 0.1982428578125 0.1718757140625 0.22168000000000002 0.1767571421875 0.2265628578125 0.22753857187499998 0.25 0.23632857187499998 0.2490228578125 0.26171857187500003 0.20214857187500002 0.267578571875 0.18456999999999998 0.24121142812500002 0.169921428125 0.20410142812499998 0.15429714218749999
0 0.1406257140625 0.1259771421875 0.12206999999999998 0.1152342859375 0.084961428125 0.1015628578125 0.080078571875 0.10839857187499999 0.080078571875 0.11425714218750001 0.074218571875 0.1240228578125 0.074218571875 0.12793000000000002 0.0664057140625 0.1376957140625 0.0605471421875 0.1513671421875 0.06543 0.15625 0.0947271421875 0.1718757140625 0.0986328578125 0.1718757140625 0.10449285781249999 0.175781428125 0.113281428125 0.1748042859375 0.125 0.15918000000000002 0.12695285781250001 0.1513671421875 0.13476571406249999 0.141601428125 0.1406257140625 0.1259771421875
0 0.1494142859375 0.1015628578125 0.1455071421875 0.09961 0.139648571875 0.09961 0.13378857187499998 0.09375 0.12793000000000002 0.0917971421875 0.12206999999999998 0.08593714218750001 0.10839857187499999 0.07812571406249999 0.10449285781249999 0.07812571406249999 0.09668 0.074218571875 0.09082 0.074218571875 0.0839842859375 0.079101428125 0.082031428125 0.0869142859375 0.080078571875 0.0888671421875 0.0810542859375 0.09961 0.0927728578125 0.105468571875 0.0986328578125 0.105468571875 0.10449285781249999 0.10937571406249999 0.10839857187499999 0.10937571406249999 0.11816428593749999 0.1152342859375 0.12206999999999998 0.1152342859375 0.1298828578125 0.1210942859375 0.13378857187499998 0.1210942859375 0.1357428578125 0.12304714218749999 0.142578571875 0.12206999999999998 0.14843714218749998 0.1123042859375 0.14843714218749998 0.10839857187499999 0.15039 0.1064457140625 0.1494142859375 0.1015628578125
0 0.0927728578125 0.169921428125 0.0615228578125 0.1523442859375 0.05957 0.1523442859375 0.0527342859375 0.1611328578125 0.053711428125 0.169921428125 0.0615228578125 0.173828571875 0.06543 0.173828571875 0.07324285781249999 0.17773428593750001 0.077148571875 0.18164 0.0927728578125 0.18945285781250001 0.09668 0.18945285781250001 0.0986328578125 0.1914057140625 0.105468571875 0.19043000000000002 0.111328571875 0.17871142812500002 0.10839857187499999 0.175781428125 0.09668 0.169921428125 0.0927728578125 0.169921428125
0 0.170898571875 0.19726571406249999 0.16503857187499998 0.19531285781250002 0.1572271421875 0.1875 0.15331999999999998 0.1875 0.1455071421875 0.1835942859375 0.141601428125 0.17968714218749998 0.13378857187499998 0.175781428125 0.1298828578125 0.175781428125 0.1240228578125 0.1718757140625 0.11816428593749999 0.1718757140625 0.111328571875 0.17871142812500002 0.10937571406249999 0.1865228578125 0.105468571875 0.1923828578125 0.105468571875 0.19628857187499998 0.10839857187499999 0.199218571875 0.1123042859375 0.199218571875 0.15331999999999998 0.22070285781250001 0.1572271421875 0.22070285781250001 0.15918000000000002 0.2226557140625 0.16211 0.22168000000000002 0.167968571875 0.2177728578125 0.173828571875 0.2060542859375 0.173828571875 0.2001957140625 0.170898571875 0.19726571406249999
0 0.14843714218749998 0.2373042859375 0.1435542859375 0.23242142812500002 0.11816428593749999 0.2226557140625 0.0986328578125 0.2109371421875 0.0927728578125 0.2109371421875 0.0898442859375 0.21386714218749997 0.0898442859375 0.22363285781250003 0.07812571406249999 0.23339857187500002 0.0644528578125 0.258788571875 0.0644528578125 0.26855428593749997 0.07324285781249999 0.27538999999999997 0.11035142812500001 0.294921428125 0.1210942859375 0.295898571875 0.138671428125 0.26855428593749997 0.138671428125 0.264648571875 0.14843714218749998 0.24511714218749997 0.14843714218749998 0.2373042859375
0 0.1572271421875 0.22070285781250001 0.13378857187499998 0.20898428593750001 0.1298828578125 0.20898428593750001 0.1259771421875 0.20507857187499998 0.12206999999999998 0.20507857187499998 0.116211428125 0.20117142812500002 0.1123042859375 0.20117142812500002 0.0986328578125 0.19336 0.0947271421875 0.19336 0.0898442859375 0.1982428578125 0.0898442859375 0.20996142812500002 0.0927728578125 0.21288999999999997 0.09668 0.2109371421875 0.139648571875 0.23242142812500002 0.1455071421875 0.23242142812500002 0.14746142812500002 0.23437571406250002 0.14843714218749998 0.23339857187500002 0.1552728578125 0.23242142812500002 0.15820285781250001 0.2294928578125 0.1601557140625 0.22363285781250003 0.1572271421875 0.22070285781250001
0 0.2265628578125 0.258788571875 0.2080071421875 0.2460942859375 0.18456999999999998 0.23632857187499998 0.1669928578125 0.23242142812500002 0.15820285781250001 0.2431642859375 0.15625 0.2509771421875 0.138671428125 0.2822271421875 0.13476571406249999 0.3017571421875 0.141601428125 0.3085942859375 0.16503857187499998 0.32031285781249996 0.1826171421875 0.326171428125 0.1914057140625 0.32519571406250003 0.20898428593750001 0.303711428125 0.20898428593750001 0.29980428593749997 0.22461000000000003 0.2705071421875 0.2265628578125 0.258788571875
0 0.084961428125 0.3339842859375 0.0947271421875 0.33203142812499997 0.107421428125 0.30957 0.10937571406249999 0.297851428125 0.0810542859375 0.28125 0.077148571875 0.28125 0.0673828578125 0.27343714218750004 0.014648571874999999 0.24804714218749999 0.0009771421875 0.24804714218749999 0 0.329101428125 0.008788571875 0.3281257140625 0.0380857140625 0.3339842859375 0.045898571875 0.33788999999999997 0.0546871421875 0.3369142859375 0.0693357140625 0.3339842859375 0.0810542859375 0.3281257140625 0.08593714218750001 0.33105428593749997 0.084961428125 0.3339842859375
0 0.25586000000000003 0.3369142859375 0.2539057140625 0.3330071421875 0.25586000000000003 0.32519571406250003 0.2607428578125 0.32031285781249996 0.272461428125 0.3222657140625 0.2773442859375 0.31738285781250003 0.28711000000000003 0.295898571875 0.28711000000000003 0.2880857140625 0.2802728578125 0.28125 0.24121142812500002 0.26953142812499997 0.2314457140625 0.26953142812499997 0.2265628578125 0.272461428125 0.1875 0.3447271421875 0.1875 0.352538571875 0.19043000000000002 0.35546857187500003 0.2109371421875 0.360351428125 0.22753857187499998 0.3457028578125 0.2392571421875 0.3476557140625 0.2509771421875 0.3457028578125 0.25586000000000003 0.3369142859375
0 0.3339842859375 0.31543 0.3339842859375 0.30957 0.33105428593749997 0.30663999999999997 0.3193357140625 0.30078142812499997 0.31543 0.30078142812499997 0.297851428125 0.2910157140625 0.290038571875 0.2910157140625 0.28125 0.3115228578125 0.2773442859375 0.31543 0.27343714218750004 0.3232428578125 0.27538999999999997 0.327148571875 0.2880857140625 0.33788999999999997 0.303711428125 0.33788999999999997 0.30957 0.3457028578125 0.31738285781250003 0.34961000000000003 0.32031285781249996 0.34863285781250003 0.3222657140625 0.34082 0.32421857187500003 0.33886714218749997 0.32421857187500003 0.334961428125 0.3339842859375 0.31543
0 0.3847657140625 0.33105428593749997 0.3818357140625 0.3281257140625 0.37793 0.3281257140625 0.3740228578125 0.32421857187500003 0.366211428125 0.32031285781249996 0.36230428593749997 0.32031285781249996 0.3505857140625 0.3144528578125 0.34668 0.3144528578125 0.34082 0.3105471421875 0.3369142859375 0.3105471421875 0.3281257140625 0.32519571406250003 0.326171428125 0.334961428125 0.3222657140625 0.34082 0.3222657140625 0.34863285781250003 0.327148571875 0.3535157140625 0.34863285781250003 0.3535157140625 0.3505857140625 0.35546857187500003 0.35644571406250003 0.35546857187500003 0.3681642859375 0.3652342859375 0.37207 0.36718714218750004 0.3730471421875 0.366211428125 0.375 0.3642571421875 0.3789057140625 0.34863285781250003 0.38281285781249996 0.3427728578125 0.3847657140625 0.33105428593749997
0 0.392578571875 0.39355428593749997 0.39453142812499997 0.3759771421875 0.3994142859375 0.3710942859375 0.40527285781250005 0.36913999999999997 0.40722714218749995 0.3710942859375 0.420898571875 0.36913999999999997 0.42578142812499997 0.3642571421875 0.42773428593749996 0.3544928578125 0.43163999999999997 0.34863285781250003 0.4267571421875 0.34375 0.4111328578125 0.3398442859375 0.39355428593749997 0.33203142812499997 0.38281285781249996 0.3427728578125 0.38086000000000003 0.352538571875 0.3730471421875 0.366211428125 0.375 0.37011714218749997 0.3730471421875 0.37207 0.375 0.3740228578125 0.375 0.4111328578125 0.36913999999999997 0.422851428125 0.3740228578125 0.42968714218750004 0.3818357140625 0.4335942859375 0.388671428125 0.4326171421875 0.3964842859375 0.422851428125 0.40038999999999997 0.41308571406250005 0.40038999999999997 0.40722714218749995 0.392578571875 0.39355428593749997
0 0.415038571875 0.24023428593750001 0.383788571875 0.2265628578125 0.3759771421875 0.2265628578125 0.3417971421875 0.29394571406250003 0.3398442859375 0.303711428125 0.3505857140625 0.3125 0.3759771421875 0.32031285781249996 0.4013671421875 0.3339842859375 0.428711428125 0.34375 0.4335942859375 0.3427728578125 0.4414057140625 0.3330071421875 0.46875 0.27832 0.46875 0.26855428593749997 0.415038571875 0.24023428593750001
0 0.25586000000000003 0.21386714218749997 0.24023428593750001 0.24511714218749997 0.238281428125 0.264648571875 0.258788571875 0.26953142812499997 0.2919928578125 0.28711000000000003 0.33203142812499997 0.297851428125 0.357421428125 0.258788571875 0.3906257140625 0.1826171421875 0.3017571421875 0.138671428125 0.25586000000000003 0.21386714218749997
0 0.3222657140625 0.07324285781249999 0.3056642859375 0.0644528578125 0.295898571875 0.05664 0.272461428125 0.044921428125 0.26855428593749997 0.044921428125 0.25781285781249996 0.057617142187500005 0.2421871421875 0.0888671421875 0.25293 0.0976557140625 0.264648571875 0.1015628578125 0.2919928578125 0.1171871421875 0.30078142812499997 0.11816428593749999 0.303711428125 0.1171871421875 0.3085942859375 0.11035142812500001 0.3222657140625 0.08300714218750001 0.3222657140625 0.07324285781249999
0 0.23339857187500002 0 0.2265628578125 0.0107428578125 0.2265628578125 0.0185542859375 0.2294928578125 0.0214842859375 0.2392571421875 0.025390000000000003 0.2431642859375 0.029297142187500003 0.24706999999999998 0.029297142187500003 0.26269571406250003 0.03711 0.267578571875 0.0361328578125 0.2714842859375 0.0322271421875 0.2773442859375 0.0185542859375 0.28906285781249996 0.00293 0.28906285781249996 0.0009771421875 0.2880857140625 0 0.23339857187500002 0
0 0.16503857187499998 0 0.16406285781250002 0.0009771421875 0.16503857187499998 0.0039057140625 0.1669928578125 0.0039057140625 0.1689457140625 0.00586 0.170898571875 0.00586 0.172851428125 0.0078128578125 0.1982428578125 0.019531428125 0.20214857187500002 0.023437142187500003 0.20410142812499998 0.023437142187500003 0.21386714218749997 0.029297142187500003 0.21875 0.02832 0.2226557140625 0.022461428125 0.2226557140625 0.014648571874999999 0.2197271421875 0.011718571875 0.2177728578125 0.011718571875 0.20996142812500002 0.00586 0.2080071421875 0.00586 0.20214857187500002 0 0.16503857187499998 0
0 0.20410142812499998 0 0.20312571406250002 0.0009771421875 0.20312571406250002 0.00293 0.2060542859375 0.00586 0.2080071421875 0.00586 0.21386714218749997 0.0097657140625 0.21581999999999998 0.0097657140625 0.2197271421875 0.013671428125000001 0.22168000000000002 0.013671428125000001 0.22363285781250003 0.0156257140625 0.22461000000000003 0.014648571874999999 0.2265628578125 0.012695714062499999 0.22851571406249999 0.0068357140625000005 0.23242142812500002 0.00293 0.2314457140625 0 0.20410142812499998 0
0 0.29394571406250003 0 0.2714842859375 0.03418 0.2714842859375 0.0380857140625 0.27832 0.044921428125 0.2880857140625 0.048828571875 0.3017571421875 0.058594285937500004 0.32519571406250003 0.07031285781249999 0.3281257140625 0.0693357140625 0.3398442859375 0.053711428125 0.3535157140625 0.026367142187499998 0.35546857187500003 0.0185542859375 0.3369142859375 0.00586 0.327148571875 0.0039057140625 0.321288571875 0 0.29394571406250003 0
0 0.37011714218749997 0.013671428125000001 0.31836000000000003 0.10058571406250001 0.30663999999999997 0.1318357140625 0.34082 0.15429714218749999 0.37793 0.1718757140625 0.3964842859375 0.172851428125 0.4335942859375 0.10839857187499999 0.455078571875 0.05957 0.428711428125 0.0410157140625 0.37011714218749997 0.013671428125000001
0 0.321288571875 0 0.32031285781249996 0.0009771421875 0.3232428578125 0.0039057140625 0.33105428593749997 0.0039057140625 0.3330071421875 0.00586 0.334961428125 0.00586 0.3369142859375 0.0078128578125 0.33886714218749997 0.0078128578125 0.34082 0.0097657140625 0.3427728578125 0.0097657140625 0.34863285781250003 0.013671428125000001 0.3505857140625 0.013671428125000001 0.352538571875 0.0156257140625 0.358398571875 0.0156257140625 0.3593757140625 0.014648571874999999 0.3652342859375 0.008788571875 0.36718714218750004 0.00293 0.36913999999999997 0.0009771421875 0.3681642859375 0 0.321288571875 0
0 0.36718714218750004 0.5869142859375 0.3730471421875 0.579101428125 0.366211428125 0.5703128578125 0.358398571875 0.5664057140625001 0.352538571875 0.5605471421875 0.34863285781250003 0.5605471421875 0.329101428125 0.548828571875 0.3222657140625 0.553711428125 0.3164057140625 0.5693357140625 0.30663999999999997 0.5830071421875 0.30663999999999997 0.59082 0.3193357140625 0.59961 0.3369142859375 0.607421428125 0.34668 0.6152342859375 0.3476557140625 0.6142571421875 0.35546857187500003 0.608398571875 0.3593757140625 0.6005857140625 0.36718714218750004 0.5927728578125 0.36718714218750004 0.5869142859375
0 0.43652285781250005 0.5351557140625001 0.360351428125 0.5019528578125 0.3447271421875 0.5019528578125 0.3222657140625 0.5205071421875 0.3105471421875 0.5419928578125 0.3115228578125 0.544921428125 0.3330071421875 0.548828571875 0.35644571406250003 0.5625 0.37011714218749997 0.5664057140625001 0.37793 0.5625 0.391601428125 0.5468757140625 0.397461428125 0.5468757140625 0.40625 0.553711428125 0.40625 0.55957 0.39453142812499997 0.577148571875 0.4111328578125 0.58789 0.42773428593749996 0.5927728578125 0.4375 0.5869142859375 0.44726571406250004 0.5634771421875 0.4414057140625 0.5419928578125 0.43652285781250005 0.5351557140625001
0 0.3886857140625 0.4583128578125 0.3675328578125 0.4962128578125 0.527941428125 0.5693671421875 0.551738571875 0.5217728578124999 0.3886857140625 0.4583128578125
0 0.4023442859375 0.5634771421875 0.40625 0.5576171421875 0.40625 0.553711428125 0.4013671421875 0.548828571875 0.3994142859375 0.548828571875 0.397461428125 0.5468757140625 0.39355428593749997 0.5468757140625 0.38281285781249996 0.5576171421875 0.38281285781249996 0.55957 0.3769528578125 0.5693357140625 0.3769528578125 0.571288571875 0.3818357140625 0.576171428125 0.383788571875 0.576171428125 0.3857428578125 0.5781257140625 0.391601428125 0.5781257140625 0.392578571875 0.577148571875 0.3964842859375 0.5732428578125 0.3964842859375 0.571288571875 0.4023442859375 0.56543 0.4023442859375 0.5634771421875
0 0.30468714218750004 0.584961428125 0.3164057140625 0.5693357140625 0.31836000000000003 0.55957 0.3222657140625 0.553711428125 0.321288571875 0.550781428125 0.3134771421875 0.550781428125 0.30957 0.55664 0.3056642859375 0.55664 0.297851428125 0.5625 0.2968757140625 0.56543 0.28418 0.576171428125 0.27832 0.574218571875 0.26953142812499997 0.5830071421875 0.26171857187500003 0.5947271421875 0.25781285781249996 0.602538571875 0.25781285781249996 0.6064457140624999 0.27832 0.6230471421875 0.2851557140625 0.62207 0.2880857140625 0.6210942859374999 0.2968757140625 0.610351428125 0.3027342859375 0.5986328578125 0.30468714218750004 0.584961428125
0 0.38769571406250003 0.6406257140625 0.41406285781249996 0.6142571421875 0.42773428593749996 0.59668 0.40722714218749995 0.5859371421875 0.37988285781250003 0.576171428125 0.3740228578125 0.576171428125 0.3535157140625 0.608398571875 0.33203142812499997 0.6259771421875 0.330078571875 0.6513671421875 0.3330071421875 0.6542971421875 0.3398442859375 0.65332 0.35644571406250003 0.638671428125 0.36230428593749997 0.636718571875 0.37793 0.644531428125 0.38769571406250003 0.6406257140625
0 0.33203142812499997 0.6259771421875 0.3369142859375 0.625 0.3398442859375 0.62207 0.3398442859375 0.616211428125 0.32519571406250003 0.6035157140625 0.30761714218749997 0.59375 0.30468714218750004 0.59668 0.3027342859375 0.602538571875 0.28125 0.6259771421875 0.28125 0.6298828578125 0.28418 0.6347657140625 0.297851428125 0.6406257140625 0.298828571875 0.6435542859375001 0.3056642859375 0.65039 0.30957 0.65039 0.3115228578125 0.6523442859374999 0.326171428125 0.6513671421875 0.330078571875 0.647461428125 0.330078571875 0.6435542859375001 0.33203142812499997 0.641601428125 0.33203142812499997 0.6259771421875
0 0.392578571875 0.0185542859375 0.3994142859375 0.025390000000000003 0.4560542859375 0.0546871421875 0.46288999999999997 0.053711428125 0.4980471421875 0.0068357140625000005 0.49707 0 0.3964842859375 0.00293 0.392578571875 0.0185542859375
0 0.6954028578125 0.435398571875 0.6160785718749999 0.39221 0.5297042859375 0.57201 0.610791428125 0.610791428125 0.6954028578125 0.435398571875
0 0.78971 0.2406142859375 0.7077414281250001 0.2009528578125 0.617841428125 0.3895671421875 0.698928571875 0.4336357140625 0.78971 0.2406142859375
0 0.4926871421875 0.24678428593750001 0.46712714218749996 0.31112428593749997 0.571128571875 0.358718571875 0.5993328578125 0.2926157140625 0.4926871421875 0.24678428593750001
0 0.5173657140625 0.25295428593749997 0.598451428125 0.28468285781249997 0.6160785718749999 0.255598571875 0.5490942859375 0.22475 0.5394 0.238851428125 0.5235357140625 0.238851428125 0.5173657140625 0.25295428593749997
0 0.538518571875 0.41777 0.5737728578125 0.3622442859375 0.46624571406250004 0.3120057140625 0.42922857187499996 0.3701757140625 0.538518571875 0.41777
0 0.6918771421875001 0.21064857187500002 0.647808571875 0.200071428125 0.617841428125 0.2661742859375 0.6583857140625 0.28644571406249997 0.681301428125 0.24413999999999997 0.6918771421875001 0.21064857187500002
0 0.5411628578125 0.42041428593749997 0.5869942859374999 0.4398042859375 0.661028571875 0.2908528578125 0.6134357140625 0.2661742859375 0.5411628578125 0.42041428593749997
0 0.41072 0.40454999999999997 0.39044857187500004 0.454788571875 0.5543828578125 0.5173657140625 0.5728914281249999 0.47329714218749996 0.41072 0.40454999999999997
0 0.5728914281249999 0.4715342859375 0.5887571421875 0.44333 0.42922857187499996 0.371938571875 0.43011 0.373701428125 0.41336428593749996 0.4019057140625 0.5728914281249999 0.4715342859375
0 0.7553357140625 0.591401428125 0.7800142859375 0.5464514281249999 0.682181428125 0.4988571421875 0.624011428125 0.6151971421875 0.7324200000000001 0.661028571875 0.7553357140625 0.591401428125
0 0.848761428125 0.7077414281250001 0.8884228578125001 0.5958071421875 0.7817771421875 0.544688571875 0.7544542859375001 0.596688571875 0.7324200000000001 0.6592657140625 0.848761428125 0.7077414281250001
0 0.9404242859374999 0.6204857140625 0.891948571875 0.598451428125 0.8496428578125 0.705978571875 0.904288571875 0.727131428125 0.9404242859374999 0.6204857140625
0 0.8152699999999999 0.5570271421874999 0.9404242859374999 0.6213671421875 0.9747971421875 0.5235357140625 0.726251428125 0.40366857187500005 0.7050971421875001 0.44156714218750004 0.8434728578125 0.5164842859375 0.8152699999999999 0.5570271421874999
0 0.8381842859375 0.514721428125 0.705978571875 0.448618571875 0.679538571875 0.495331428125 0.8135071421875001 0.5543828578125 0.8381842859375 0.514721428125
0 0.949238571875 0.3613628578125 0.782658571875 0.276751428125 0.7280128578125 0.39044857187500004 0.9025257140624999 0.47770428593750003 0.949238571875 0.3613628578125
0 0.9122199999999999 0.3067171421875 0.9263228578125 0.27322571406249996 0.9888999999999999 0.30230999999999997 1 0.2741071421875 0.8752028578125 0.21241 0.8628628578124999 0.2406142859375 0.8249642859374999 0.22386857187500003 0.8179128578125001 0.22034285781250001 0.8046928578125 0.2520728578125 0.9122199999999999 0.3067171421875
0 0.9659842859375001 0.33492142812500003 0.9025257140624999 0.30230999999999997 0.8884228578125001 0.32698857187499997 0.9501185718749999 0.358718571875 0.9659842859375001 0.33492142812500003
0 0.9836114281249999 0.3040728578125 0.9298471421875 0.276751428125 0.9122199999999999 0.3058357140625 0.9712728578125001 0.333158571875 0.9836114281249999 0.3040728578125
0 0.899881428125 0.2996671421875 0.7932357140625 0.2485471421875 0.778251428125 0.27322571406249996 0.88666 0.32698857187499997 0.899881428125 0.2996671421875
0 1 0.0493571421875 0.9862557140625 0.045831428125000004 0.9615771421874999 0.044068571875000004 0.9263228578125 0.05112 0.8893042859375001 0.06522142812500001 0.8945928578125001 0.077561428125 1 0.140138571875 1 0.0493571421875
0 1 0.1454257140625 0.9324914281250001 0.108408571875 0.9175085718749999 0.14630714218750002 1 0.18597 1 0.1454257140625
0 0.8813728578125 0.21241 0.9113385718749999 0.1507142859375 0.8558128578125 0.12779857187500002 0.8566942859375001 0.12162999999999999 0.821438571875 0.1833257140625 0.8813728578125 0.21241
0 0.8126257140625001 0.192138571875 0.8293714281250001 0.159528571875 0.712148571875 0.1048828578125 0.7165557140625001 0.122511428125 0.7147928578125 0.1498328578125 0.8126257140625001 0.192138571875
0 0.8135071421875001 0.18861428593750001 0.7112671421875 0.1560028578125 0.692758571875 0.1947828578125 0.790591428125 0.2335642859375 0.8135071421875001 0.18861428593750001
0 0.8302528578124999 0.159528571875 0.8655071421875 0.084611428125 0.8346600000000001 0.0493571421875 0.7553357140625 0.0017628578124999998 0.7297757140625001 0.0035257140625 0.7280128578125 0.0026442859375 0.69364 0.057288571875000006 0.7209628578125 0.0802042859375 0.71303 0.095188571875 0.8302528578124999 0.159528571875
0 0.7253700000000001 0.000881428125 0.6134357140625 0 0.5799428578125 0.07050999999999999 0.6636728578125 0.1048828578125 0.7253700000000001 0.000881428125
0 0.5623157140624999 0.1075271421875 0.46272 0.059051428125000006 0.39221 0.18156285781249998 0.495331428125 0.2291571421875 0.5623157140624999 0.1075271421875
0 0.592281428125 0.037898571874999995 0.5103142859375 0.000881428125 0.46007571406250003 0.0564071421875 0.5623157140624999 0.1048828578125 0.592281428125 0.037898571874999995
0 0.46360142812499994 0.21505428593749998 0.39749857187500004 0.186851428125 0.37899 0.22210571406250001 0.4459742859375 0.251191428125 0.46360142812499994 0.21505428593749998
0 0.49444999999999995 0.231801428125 0.46360142812499994 0.21505428593749998 0.44773714218749994 0.2538357140625 0.474178571875 0.2697 0.49444999999999995 0.231801428125
0 0.514721428125 0 0.5878757140624999 0.032611428125 0.6010957140625 0 0.514721428125 0
0 0.668961428125 0.7253700000000001 0.7474042859375001 0.7553357140625 0.78354 0.6848257140625 0.6592657140625 0.63547 0.6601471421875 0.6504528578125 0.6663171421875 0.6857071421875001 0.668961428125 0.7253700000000001
0 0.7932357140625 0.68747 0.7535728578125 0.7632685718750001 0.8002857140625 0.790591428125 0.8619814281249999 0.8293714281250001 0.9051685718750001 0.7341828578125 0.7932357140625 0.68747
0 0.726251428125 0.75181 0.6707242859375 0.7280128578125 0.6575042859375 0.7667942859375 0.7095042859375 0.788828571875 0.726251428125 0.75181
0 0.6918771421875001 0.8249642859374999 0.7095042859375 0.7932357140625 0.653978571875 0.77032 0.6451642859375 0.7949971421875001 0.6918771421875001 0.8249642859374999
0 0.692758571875 0.827608571875 0.7385900000000001 0.8584571421874999 0.782658571875 0.7791328578125001 0.7350642859375001 0.7544542859375001 0.727131428125 0.75181 0.718318571875 0.7694385718750001 0.692758571875 0.827608571875
0 0.7853028578125001 0.784421428125 0.75181 0.8373042859375 0.8461171421874999 0.89283 0.8584571421874999 0.8514057140625001 0.859338571875 0.8302528578124999 0.7853028578125001 0.784421428125
0 0.9977128578125001 0.9880185718750001 1 0.9201528578125 0.9060499999999999 0.8716771421875 0.8848971421874999 0.8716771421875 0.8663885718750001 0.9324914281250001 0.9977128578125001 0.9880185718750001
0 0.9994757140624999 0.8196757140625 0.9245599999999999 0.78971 0.9007628578125001 0.8690328578125 1 0.9139828578125 0.9994757140624999 0.8196757140625
0 1 0.6945214281250001 0.968628571875 0.7147928578125 0.93161 0.7861842859375 1 0.8187942859374999 1 0.6945214281250001
0 0.37546428593750003 0.7659128578125001 0.40631285781250004 0.7280128578125 0.36577000000000004 0.698928571875 0.360481428125 0.6962842859375 0.3428542859375 0.7429971421875 0.37546428593750003 0.7659128578125001
0 0.3825157140625 0.77032 0.346378571875 0.75181 0.309361428125 0.7949971421875001 0.32698857187499997 0.82232 0.3560742859375 0.8187942859374999 0.3825157140625 0.77032
0 0.4653642859375 0.782658571875 0.405431428125 0.745641428125 0.3560742859375 0.8232014281250001 0.438041428125 0.8637442859375 0.4653642859375 0.782658571875
0 0.44421142812500003 0.859338571875 0.48916142812499996 0.8910671421874999 0.5693671421875 0.7870657140625 0.5164842859375 0.7808957140625 0.47506000000000004 0.7914728578125 0.45302571406250003 0.8293714281250001 0.44421142812500003 0.859338571875
0 0.540281428125 0.9245599999999999 0.571128571875 0.9025257140624999 0.596688571875 0.8434728578125 0.6222485718749999 0.8205571421875 0.6019771421875 0.7853028578125001 0.5658414281249999 0.797641428125 0.4926871421875 0.8884228578125001 0.540281428125 0.9245599999999999
0 0.28468285781249997 0.89283 0.231801428125 0.8558128578125 0.2009528578125 0.9086942859375 0.25648 0.9404242859374999 0.28468285781249997 0.89283
0 0.18597 0.8716771421875 0.1762742859375 0.85405 0.186851428125 0.84788 0.21858 0.8769657140625 0.2291571421875 0.854931428125 0.16041 0.8055742859375 0.116341428125 0.8558128578125 0.1692228578125 0.8840157140624999 0.18597 0.8716771421875
0 0.19302 0.9095757140625 0.1771557140625 0.9298471421875 0.23092000000000001 0.9712728578125001 0.249428571875 0.9457128578124999 0.19302 0.9095757140625
0 0.1903757140625 0.9060499999999999 0.15512142812500002 0.8796099999999999 0.147188571875 0.893711428125 0.178918571875 0.9219157140625001 0.1903757140625 0.9060499999999999
0 0.2088857140625 0.89283 0.186851428125 0.8743214281249999 0.16658 0.885778571875 0.19302 0.9069314281249999 0.2088857140625 0.89283
0 0.1181042859375 0.8655071421875 0.1048828578125 0.8575757140625001 0.07932285781250001 0.8954742859374999 0.0925442859375 0.9007628578125001 0.1181042859375 0.8655071421875
0 0.0414242859375 0.9413057140625 0.0749171421875 0.96334 0.0943071421875 0.9333728578124999 0.0731542859375 0.9139828578125 0.06434 0.9113385718749999 0.0625771421875 0.9113385718749999 0.0414242859375 0.9413057140625
0 0.12162999999999999 0.9501185718749999 0.0978328578125 0.9413057140625 0.071391428125 0.970391428125 0.0934257140625 0.9871371421875 0.12162999999999999 0.9501185718749999
0 0.893711428125 0.9527628578125 0.8945928578125001 0.9536442859375001 0.8646257140625 0.9994757140624999 0.9175085718749999 1 0.93161 0.9677471421874999 0.893711428125 0.9527628578125
0 0.891948571875 0.9501185718749999 0.8619814281249999 0.9448314281249999 0.84171 0.958051428125 0.8311342859374999 0.9827299999999999 0.827608571875 0.9994757140624999 0.8619814281249999 1 0.891948571875 0.9501185718749999
0 0.7963271421875 0 0.8634085718750001 0.080408571875 0.8846299999999999 0.062448571875000004 0.9009542859374999 0.0297957140625 0.9499257140624999 0.031428571875 0.9646157140625 0.0461228578125 1 0.0461228578125 1 0 0.7963271421875 0
0 0.25616285781250003 0.4738771421875 0.177958571875 0.400408571875 0.143528571875 0.4542857140625 0.2153528578125 0.5016328578125 0.25616285781250003 0.4738771421875