0 0 0.05337043125 0.0039057140625 0.05337043125 0.017578571874999997 0.030659468750000002 0.0244142859375 0 0 0.0011362125000000001 0 0.05337043125
0 0.011718571875 0.04201495 0.011718571875 0.0556411953125 0.0693357140625 0.0863006640625 0.0917971421875 0.089707640625 0.138671428125 0.0215747515625 0.142578571875 0.0011362125000000001 0.0322271421875 0 0.011718571875 0.04201495
0 0 0.191905315625 0.022461428125 0.2089385375 0.029297142187500003 0.2078039859375 0.080078571875 0.11923089687499999 0.0839842859375 0.098792359375 0.0751957140625 0.08857142812499999 0.008788571875 0.061318937500000004 0 0.0692674421875 0 0.191905315625
0 0.0410157140625 0.22143023281250002 0.0693357140625 0.23846345468750002 0.082031428125 0.23959800625 0.0976557140625 0.1964485046875 0.0634771421875 0.1703305640625 0.046875714062500004 0.19871926875 0.0410157140625 0.22143023281250002
0 0.0380857140625 0.22710797343750003 0.019531428125 0.26003820625 0.0078128578125 0.30318936875 0.0927728578125 0.3724568109375 0.10937571406249999 0.3758637875 0.14648428593750001 0.3168156140625 0.1523442859375 0.29637541562499997 0.11425714218750001 0.265715946875 0.0380857140625 0.22710797343750003
0 0.0839842859375 0.246411959375 0.1210942859375 0.264579734375 0.12695285781250001 0.2577674421875 0.13476571406249999 0.21915946874999997 0.10058571406250001 0.19758305625 0.0839842859375 0.246411959375
0 0.09082 0.10447010000000001 0.06836 0.14648505 0.07031285781249999 0.1532973421875 0.102538571875 0.17487209374999999 0.144531428125 0.1873637875 0.1601557140625 0.1691943515625 0.16406285781250002 0.151026578125 0.10839857187499999 0.10901162812500001 0.09082 0.10447010000000001
0 0.0976557140625 0.098792359375 0.12793000000000002 0.1249086375 0.169921428125 0.14648505 0.17968714218749998 0.1283156140625 0.19531285781250002 0.060182725000000006 0.1435542859375 0.024981728124999998 0.0976557140625 0.098792359375
0 0.144531428125 0.0147624578125 0.14746142812500002 0.024981728124999998 0.1943357140625 0.056777409375 0.20312571406250002 0.0556411953125 0.2265628578125 0.0079485046875 0.2255857140625 0 0.15039 0.0011362125000000001 0.144531428125 0.0147624578125
0 0.3085942859375 0.044285714062499995 0.327148571875 0 0.23242142812500002 0.0011362125000000001 0.3017571421875 0.0454219265625 0.3085942859375 0.044285714062499995
0 0.2294928578125 0.009084717187499999 0.22070285781250001 0.0193039859375 0.207031428125 0.057911959375 0.267578571875 0.098792359375 0.2773442859375 0.0919784046875 0.298828571875 0.048828903125 0.2607428578125 0.0204402 0.2294928578125 0.009084717187499999
0 0.21581999999999998 0.07948837187499999 0.20312571406250002 0.0851661125 0.175781428125 0.1669235875 0.1884771421875 0.186227575 0.2109371421875 0.19871926875 0.23437571406250002 0.171466778125 0.25781285781249996 0.12377408593749999 0.2568357140625 0.1112823921875 0.21581999999999998 0.07948837187499999
0 0.144531428125 0.21007475156250002 0.142578571875 0.23278571406249998 0.17968714218749998 0.253224253125 0.20507857187499998 0.2055315609375 0.1806642859375 0.17941528281250002 0.1669928578125 0.17487209374999999 0.144531428125 0.21007475156250002
0 0.12695285781250001 0.264579734375 0.12695285781250001 0.275935215625 0.15820285781250001 0.2941046515625 0.1718757140625 0.275935215625 0.175781428125 0.255496678125 0.1435542859375 0.23619269062499998 0.12695285781250001 0.264579734375
0 0.0019528578125000001 0.29637541562499997 0.017578571874999997 0.2691229234375 0.025390000000000003 0.23278571406249998 0.0009771421875 0.21348172812500002 0.0019528578125000001 0.29637541562499997
0 0.05175714218750001 0.374727575 0.0410157140625 0.38494684375 0.03125 0.41220099687499995 0.0527342859375 0.44626578125 0.05957 0.45421594687500005 0.0664057140625 0.453079734375 0.0976557140625 0.40084551562500004 0.0869142859375 0.390624584375 0.0751957140625 0.3951677734375 0.05175714218750001 0.374727575
0 0.082031428125 0.3872176078125 0.1015628578125 0.396302325 0.107421428125 0.38494684375 0.0869142859375 0.370186046875 0.080078571875 0.380405315625 0.082031428125 0.3872176078125
0 0.14843714218749998 0.337254153125 0.10937571406249999 0.416742525 0.1259771421875 0.42696179375 0.1435542859375 0.411064784375 0.17968714218749998 0.43263953437499997 0.2265628578125 0.339526578125 0.1865228578125 0.3111378734375 0.170898571875 0.3111378734375 0.14843714218749998 0.337254153125
0 0.23535142812499998 0.34293189375 0.2265628578125 0.34406810625 0.18164 0.43263953437499997 0.1943357140625 0.4655697671875 0.2119142859375 0.47692524843750006 0.22461000000000003 0.47579069843750005 0.25 0.4439950171875 0.27343714218750004 0.3985730890625 0.27343714218750004 0.369049834375 0.23535142812499998 0.34293189375
0 0.2773442859375 0.3758637875 0.2792971421875 0.39403156093749997 0.2919928578125 0.4087940203125 0.3144528578125 0.41447176093750004 0.33203142812499997 0.38494684375 0.3056642859375 0.367913621875 0.2822271421875 0.370186046875 0.2773442859375 0.3758637875
0 0.25 0.44853820625 0.2792971421875 0.464435215625 0.2910157140625 0.44626578125 0.27832 0.4315049828125 0.2607428578125 0.4246910296875 0.25 0.44853820625
0 0.29394571406250003 0.4087940203125 0.28711000000000003 0.41220099687499995 0.2851557140625 0.42582724218749995 0.29296857187500003 0.43263953437499997 0.29980428593749997 0.45421594687500005 0.3339842859375 0.4621644515625 0.34375 0.4439950171875 0.34082 0.4360465109375 0.31738285781250003 0.4156063125 0.29394571406250003 0.4087940203125
0 0.3427728578125 0.47692524843750006 0.28906285781249996 0.5643621265625 0.30957 0.5813953484375001 0.36718714218750004 0.598428571875 0.388671428125 0.566632890625 0.4101557140625 0.5189402000000001 0.37988285781250003 0.495094684375 0.3427728578125 0.47692524843750006
0 0.2968757140625 0.49850166093750004 0.30663999999999997 0.500772425 0.326171428125 0.4667059796875 0.30761714218749997 0.451943521875 0.2910157140625 0.47806146250000003 0.2968757140625 0.49850166093750004
0 0.26855428593749997 0.4928239203125 0.24511714218749997 0.5087209296874999 0.230468571875 0.5371096343749999 0.264648571875 0.563227575 0.27343714218750004 0.5620913625 0.30078142812499997 0.5166694359374999 0.30078142812499997 0.5098571421875 0.2802728578125 0.4928239203125 0.26855428593749997 0.4928239203125
0 0.2148442859375 0.5075847171875 0.21875 0.5371096343749999 0.2265628578125 0.5393803984375001 0.2460942859375 0.51212790625 0.23535142812499998 0.49055315625 0.2255857140625 0.49055315625 0.2148442859375 0.5075847171875
0 0.34668 0.2748006640625 0.3222657140625 0.3100016609375 0.3085942859375 0.3531528234375 0.352538571875 0.38608305625 0.36913999999999997 0.391760796875 0.38086000000000003 0.3826760796875 0.4101557140625 0.325898671875 0.40722714218749995 0.317950165625 0.34668 0.2748006640625
0 0.3535157140625 0.2691229234375 0.3740228578125 0.290697675 0.41406285781249996 0.3168156140625 0.42968714218750004 0.29637541562499997 0.4394528578125 0.264579734375 0.37207 0.222564784375 0.3535157140625 0.2691229234375
0 0.29980428593749997 0.23846345468750002 0.28711000000000003 0.246411959375 0.263671428125 0.28274916875 0.24413999999999997 0.325898671875 0.25488285781250003 0.34293189375 0.28906285781249996 0.35542358749999997 0.3027342859375 0.348609634375 0.33593714218750004 0.2736644515625 0.32519571406250003 0.254360465625 0.29980428593749997 0.23846345468750002
0 0.321288571875 0.193041528125 0.3027342859375 0.21915946874999997 0.30078142812499997 0.23051495000000002 0.3369142859375 0.26117441874999997 0.34375 0.26003820625 0.3535157140625 0.2509534890625 0.3652342859375 0.21688704374999998 0.352538571875 0.204397009375 0.321288571875 0.193041528125
0 0.24413999999999997 0.21688704374999998 0.199218571875 0.29637541562499997 0.21386714218749997 0.3156794015625 0.238281428125 0.325898671875 0.28906285781249996 0.23051495000000002 0.28418 0.22029402031249998 0.2607428578125 0.204397009375 0.24413999999999997 0.21688704374999998
0 0.173828571875 0.2736644515625 0.1718757140625 0.2804784046875 0.1806642859375 0.2929684390625 0.1914057140625 0.2918338875 0.238281428125 0.22143023281250002 0.22363285781250003 0.19985548125000002 0.21288999999999997 0.20326079687499998 0.173828571875 0.2736644515625
0 0.21875 0.2009900328125 0.24023428593750001 0.21688704374999998 0.2539057140625 0.19417774062499998 0.23535142812499998 0.17714451874999998 0.22753857187499998 0.17714451874999998 0.21875 0.2009900328125
0 0.238281428125 0.17373754218749998 0.2832028578125 0.21234551562499998 0.30078142812499997 0.19417774062499998 0.30663999999999997 0.1669235875 0.258788571875 0.131722590625 0.238281428125 0.17373754218749998
0 0.3593757140625 0.14648505 0.361328571875 0.162382059375 0.389648571875 0.186227575 0.4394528578125 0.2078039859375 0.46093714218750004 0.171466778125 0.391601428125 0.1112823921875 0.37988285781250003 0.10901162812500001 0.3593757140625 0.14648505
0 0.3593757140625 0.20326079687499998 0.39453142812499997 0.22143023281250002 0.4101557140625 0.2009900328125 0.3681642859375 0.17487209374999999 0.357421428125 0.1896345515625 0.3593757140625 0.20326079687499998
0 0.4326171421875 0.22710797343750003 0.40918 0.23392026562499998 0.40527285781250005 0.22710797343750003 0.39843714218750004 0.22824252500000003 0.4248042859375 0.254360465625 0.44726571406250004 0.2623089703125 0.5156257140625 0.144212625 0.49707 0.1249086375 0.48437571406249996 0.13512956874999998 0.4326171421875 0.22710797343750003
0 0.3847657140625 0.10333388750000001 0.4648442859375 0.1669235875 0.49023428593749996 0.11696013281249999 0.4423828578125 0.07267441875 0.4111328578125 0.052234218750000005 0.3847657140625 0.10333388750000001
0 0.3164057140625 0.048828903125 0.37207 0.0999269109375 0.38086000000000003 0.10106312343749999 0.40625 0.051099667187499996 0.334961428125 0.004541528125 0.3164057140625 0.037473421875 0.3164057140625 0.048828903125
0 0.2968757140625 0.1124186046875 0.3427728578125 0.149890365625 0.3535157140625 0.1487558140625 0.3730471421875 0.107875415625 0.321288571875 0.0635897015625 0.3085942859375 0.08062292343750001 0.2968757140625 0.1124186046875
0 0.26171857187500003 0.12150332187499999 0.266601428125 0.13399335625 0.303711428125 0.16124584687500002 0.3105471421875 0.16011129531249998 0.32421857187500003 0.13967109687499998 0.303711428125 0.11809634531249999 0.2744142859375 0.10674086406250001 0.26171857187500003 0.12150332187499999
0 0.33788999999999997 0.180549834375 0.3535157140625 0.19417774062499998 0.36718714218750004 0.17373754218749998 0.34082 0.152162790625 0.33203142812499997 0.1646528234375 0.33788999999999997 0.180549834375
0 0.41308571406250005 0 0.4042971421875 0.0079485046875 0.4023442859375 0.0193039859375 0.41308571406250005 0.0340664453125 0.4814457140625 0.0863006640625 0.49413999999999997 0.089707640625 0.5332028578125 0.005677740625 0.5302728578125 0 0.41308571406250005 0
0 0.5380857140625 0 0.4980471421875 0.089707640625 0.4980471421875 0.098792359375 0.514648571875 0.11582558125 0.5468757140625 0.1283156140625 0.5898442859374999 0.0079485046875 0.5869142859375 0 0.5380857140625 0
0 0.59668 0 0.574218571875 0.048828903125 0.550781428125 0.130586378125 0.5947271421875 0.1453488375 0.6210942859374999 0.144212625 0.642578571875 0.11014784062500001 0.6660157140625 0.0329302328125 0.6357428578125 0.009084717187499999 0.59668 0
0 0.6035157140625 0.144212625 0.611328571875 0.107875415625 0.5634771421875 0.08857142812499999 0.550781428125 0.130586378125 0.6035157140625 0.144212625
0 0.6777342859375 0.012491693750000001 0.66211 0.046556478125 0.638671428125 0.11696013281249999 0.638671428125 0.12604485 0.6542971421875 0.13512956874999998 0.69336 0.0283887046875 0.69336 0.017033221874999997 0.68457 0.009084717187499999 0.6777342859375 0.012491693750000001
0 0.696288571875 0.056777409375 0.6923828578125 0.052234218750000005 0.6865228578125 0.052234218750000005 0.6777342859375 0.0692674421875 0.673828571875 0.0874368765625 0.667968571875 0.0965199328125 0.6660157140625 0.10560465156250001 0.672851428125 0.1112823921875 0.704101428125 0.12263787343749999 0.7177728578125 0.131722590625 0.7539057140625001 0.14648505 0.761718571875 0.130586378125 0.7714842859375 0.098792359375 0.7373042859375001 0.077215946875 0.696288571875 0.056777409375
0 0.709961428125 0.03179568125 0.7060542859375001 0.027252492187499998 0.696288571875 0.024981728124999998 0.69336 0.0283887046875 0.6875 0.046556478125 0.69043 0.052234218750000005 0.7626957140624999 0.0931146171875 0.7685542859375001 0.0953853828125 0.7734371421875 0.09424916875 0.7792971421875 0.078352159375 0.7792971421875 0.07381063125000001 0.7763671421875 0.0704036546875 0.709961428125 0.03179568125
0 0.6201171421875 0 0.61914 0.0011362125000000001 0.62207 0.0022707640625 0.6259771421875 0.006813953124999999 0.6318357140625 0.006813953124999999 0.6357428578125 0.009084717187499999 0.639648571875 0.013626245312499998 0.6455071421875 0.015897009375 0.6552728578125 0.024981728124999998 0.6611328578125 0.027252492187499998 0.665038571875 0.03179568125 0.6660157140625 0.030659468750000002 0.6689457140624999 0.02952325625 0.673828571875 0.023845515625 0.675781428125 0.0193039859375 0.675781428125 0.0147624578125 0.6835942859374999 0.005677740625 0.6826171421875 0 0.6201171421875 0
0 0.7802728578125 0 0.6914057140625001 0.0011362125000000001 0.6953128578125 0.0193039859375 0.7001957140624999 0.024981728124999998 0.7314457140624999 0.0454219265625 0.7548828578125 0.056777409375 0.772461428125 0.0704036546875 0.7792971421875 0.07153820625 0.7890628578125 0.06245515 0.80664 0.0193039859375 0.8056642859375 0.013626245312499998 0.7802728578125 0
0 0.8994142859375 0.004541528125 0.8193357140625 0.004541528125 0.7734371421875 0.10106312343749999 0.7539057140625001 0.15784053125 0.7480471421875 0.180549834375 0.7509771421875 0.1907707640625 0.8417971421875 0.21915946874999997 0.88086 0.1532973421875 0.9257814281250001 0.0329302328125 0.922851428125 0.0181694359375 0.8994142859375 0.004541528125
0 1 0.0034069765624999996 0.952148571875 0 0.9443357140625 0.004541528125 0.9375 0.017033221874999997 0.8906257140625 0.1532973421875 0.9443357140625 0.1907707640625 0.9804685718749999 0.2055315609375 1 0.162382059375 1 0.0034069765624999996
0 0.891601428125 0 0.8906257140625 0.0011362125000000001 0.891601428125 0.0022707640625 0.8955071421874999 0.0022707640625 0.8994142859375 0.006813953124999999 0.9013671421874999 0.006813953124999999 0.9033200000000001 0.009084717187499999 0.9072271421875 0.009084717187499999 0.9091799999999999 0.01135548125 0.9130857140625 0.01135548125 0.9169928578125001 0.015897009375 0.922851428125 0.0181694359375 0.9267571421874999 0.0227109640625 0.9296871421875 0.0215747515625 0.9335942859375 0.017033221874999997 0.9335942859375 0.0147624578125 0.9375 0.01021926875 0.9375 0.0079485046875 0.9394528578125 0.005677740625 0.9394528578125 0.0011362125000000001 0.9384771421875 0 0.891601428125 0
0 0.7509771421875 0.1476196015625 0.71582 0.131722590625 0.7080071421875 0.1249086375 0.6806642859375 0.11582558125 0.6689457140624999 0.10901162812500001 0.66211 0.11468936874999999 0.6523442859374999 0.1487558140625 0.6523442859374999 0.16011129531249998 0.6552728578125 0.163518271875 0.6689457140624999 0.1657890359375 0.69043 0.17714451874999998 0.7177728578125 0.186227575 0.738281428125 0.1873637875 0.7421871421875 0.1850930234375 0.74414 0.17373754218749998 0.7519528578125 0.15556810625 0.7509771421875 0.1476196015625
0 0.9472657140624999 0.1964485046875 0.9423828578125001 0.1907707640625 0.8994142859375 0.163518271875 0.8857428578125001 0.16124584687500002 0.8554685718749999 0.21007475156250002 0.8515628578125 0.21915946874999997 0.8515628578125 0.22824252500000003 0.8642571421874999 0.23846345468750002 0.9072271421875 0.2634451828125 0.91211 0.2623089703125 0.9179685718749999 0.246411959375 0.93164 0.23051495000000002 0.9453128578125 0.2055315609375 0.9472657140624999 0.1964485046875
0 1 0.2259717609375 0.959961428125 0.19985548125000002 0.9501957140625 0.19985548125000002 0.9414057140625 0.21461627968750002 0.9414057140625 0.22143023281250002 0.9296871421875 0.23278571406249998 0.9199214281250001 0.2509534890625 0.9101557140625 0.26003820625 0.9101557140625 0.264579734375 0.928711428125 0.28388372031250003 0.954101428125 0.30205315625 0.9638671421874999 0.306594684375 0.9726557140625 0.3054601328125 1 0.2577674421875 1 0.2259717609375
0 1 0.171466778125 0.9970700000000001 0.1703305640625 0.99414 0.17600830625 0.99414 0.1782790703125 0.9921871421875 0.180549834375 0.9921871421875 0.18282225937500002 0.9902342859375001 0.1850930234375 0.9902342859375001 0.1873637875 0.9882814281250001 0.1896345515625 0.9882814281250001 0.191905315625 0.9863285718749999 0.19417774062499998 0.9863285718749999 0.1964485046875 0.9843757140625 0.19871926875 0.9843757140625 0.2009900328125 0.9824214281250001 0.20326079687499998 0.9824214281250001 0.2055315609375 0.9873042859375 0.21348172812500002 0.9892571421874999 0.21348172812500002 0.9931642859375 0.21802325625000002 0.9970700000000001 0.21802325625000002 0.9990228578125 0.22029402031249998 1 0.21915946874999997 1 0.171466778125
0 1 0.2623089703125 0.9990228578125 0.26117441874999997 0.9921871421875 0.2713936875 0.9921871421875 0.2736644515625 0.9863285718749999 0.28274916875 0.9843757140625 0.2895614625 0.9804685718749999 0.2941046515625 0.9804685718749999 0.29637541562499997 0.97461 0.307730896875 0.97461 0.3145431890625 0.9794928578125001 0.3202209296875 0.9814457140625 0.3202209296875 0.9873042859375 0.3247641203125 0.991211428125 0.3247641203125 0.9970700000000001 0.3315764125 1 0.3304418609375 1 0.2623089703125
0 0.625 0.1850930234375 0.62207 0.17487209374999999 0.547851428125 0.152162790625 0.5302728578125 0.1544335546875 0.513671428125 0.17373754218749998 0.47656285781249996 0.23732724218749998 0.455078571875 0.2850199328125 0.47168 0.286156146875 0.4814457140625 0.2748006640625 0.50293 0.2793421921875 0.5097657140625 0.2872906984375 0.513671428125 0.319086378125 0.519531428125 0.3213571421875 0.5419928578125 0.3202209296875 0.548828571875 0.312272425 0.6035157140625 0.21461627968750002 0.625 0.1850930234375
0 0.68164 0.20326079687499998 0.65918 0.186227575 0.633788571875 0.181686046875 0.6230471421875 0.1896345515625 0.5468757140625 0.319086378125 0.548828571875 0.3463388703125 0.544921428125 0.3667790703125 0.5859371421875 0.39403156093749997 0.6093757140625 0.36450830624999997 0.68164 0.23732724218749998 0.6855471421875 0.2259717609375 0.68164 0.20326079687499998
0 1 0.3576943515625 0.9716799999999999 0.3406611296875 0.959961428125 0.3406611296875 0.9375 0.3758637875 0.9257814281250001 0.40084551562500004 0.9238285718749999 0.41220099687499995 0.9716799999999999 0.45648671093750004 0.9873042859375 0.46784219218749995 0.9921871421875 0.4667059796875 1 0.4576212625 1 0.3576943515625
0 0.9453128578125 0.32362790625 0.9091799999999999 0.2929684390625 0.8564457140625 0.25890199375 0.8085942859375 0.3508803984375 0.8027342859375001 0.3713205984375 0.858398571875 0.40652325625 0.8818357140625 0.42696179375 0.8906257140625 0.42809800625000005 0.9101557140625 0.40084551562500004 0.9394528578125 0.3463388703125 0.9453128578125 0.33498338906249997 0.9453128578125 0.32362790625
0 0.8847657140624999 0.43263953437499997 0.8193357140625 0.38608305625 0.7998042859375001 0.379269103125 0.7734371421875 0.41901328906249996 0.75586 0.453079734375 0.7460942859374999 0.48260299062499995 0.7509771421875 0.49055315625 0.8154299999999999 0.535973421875 0.8300785718749999 0.5393803984375001 0.83789 0.5325664453125001 0.8515628578125 0.500772425 0.8789057140625 0.45535049843750003 0.8847657140624999 0.43263953437499997
0 0.8193357140625 0.23619269062499998 0.7880857140625 0.22710797343750003 0.7744142859375 0.22710797343750003 0.7656257140625 0.23959800625 0.7597657140625 0.2577674421875 0.7480471421875 0.2782059796875 0.7402342859375 0.29637541562499997 0.7402342859375 0.30318936875 0.7548828578125 0.3134086375 0.7744142859375 0.3202209296875 0.8017571421874999 0.3361196015625 0.8105471421875 0.33498338906249997 0.84961 0.2623089703125 0.84961 0.255496678125 0.8447271421875 0.2498189375 0.8193357140625 0.23619269062499998
0 0.8027342859375001 0.34406810625 0.7919928578125 0.3338488375 0.7685542859375001 0.3202209296875 0.7548828578125 0.3156794015625 0.7509771421875 0.3111378734375 0.7392571421875 0.308867109375 0.72461 0.325898671875 0.7207028578125 0.337254153125 0.707031428125 0.3576943515625 0.6953128578125 0.3826760796875 0.6953128578125 0.3894900328125 0.7001957140624999 0.3951677734375 0.7138671421875 0.3997093015625 0.7314457140624999 0.411064784375 0.763671428125 0.42128405312500006 0.769531428125 0.416742525 0.7773442859374999 0.40311627968749997 0.8027342859375001 0.3508803984375 0.8027342859375001 0.34406810625
0 0.7509771421875 0.4178787375 0.735351428125 0.4156063125 0.7138671421875 0.4019800671875 0.6923828578125 0.3951677734375 0.6796871421875 0.409928571875 0.6777342859375 0.42582724218749995 0.667968571875 0.44626578125 0.7119142859375 0.479197675 0.7294928578125 0.48828073125 0.7343757140625 0.48714617968749996 0.7460942859374999 0.4621644515625 0.7519528578125 0.45535049843750003 0.763671428125 0.42809800625000005 0.7509771421875 0.4178787375
0 0.65332 0.40652325625 0.6484371421875 0.41220099687499995 0.605468571875 0.5030431890625 0.5986328578125 0.5087209296874999 0.5810542859375001 0.506450165625 0.5527342859375 0.5507358796874999 0.548828571875 0.5620913625 0.553711428125 0.5677691031250001 0.5830071421875 0.5859368765624999 0.5917971421875 0.5870730890625 0.6718757140625 0.43491029843750006 0.675781428125 0.41901328906249996 0.670898571875 0.411064784375 0.65332 0.40652325625
0 0.6982428578125 0.46784219218749995 0.69043 0.4655697671875 0.68457 0.45875747499999997 0.672851428125 0.451943521875 0.6669928578125 0.451943521875 0.6582028578125 0.4621644515625 0.65625 0.47579069843750005 0.6611328578125 0.4814684390625 0.6884771421875 0.4973654484375 0.7001957140624999 0.5087209296874999 0.709961428125 0.5109916937500001 0.71582 0.515534884375 0.7167971421875 0.514398671875 0.730468571875 0.49395847187499997 0.727538571875 0.48828073125 0.7138671421875 0.4814684390625 0.6982428578125 0.46784219218749995
0 0.702148571875 0.5087209296874999 0.6748042859375001 0.4860099671875 0.670898571875 0.4860099671875 0.65918 0.47692524843750006 0.65332 0.4814684390625 0.6494142859375 0.4814684390625 0.642578571875 0.48941694375000006 0.63086 0.51212790625 0.6357428578125 0.5178056484375 0.647461428125 0.524617940625 0.6513671421875 0.524617940625 0.6552728578125 0.5291611296875 0.6826171421875 0.5450581390625 0.6865228578125 0.5450581390625 0.6923828578125 0.5495996671875 0.701171428125 0.548465115625 0.7089842859375 0.5371096343749999 0.7148442859374999 0.5234833890624999 0.7138671421875 0.5132624578125 0.702148571875 0.5087209296874999
0 0.69336 0.555277409375 0.6318357140625 0.5178056484375 0.5781257140625 0.6143255812499999 0.576171428125 0.6234102984375001 0.6181642859375 0.651799003125 0.6435542859375001 0.6654252484375001 0.6484371421875 0.6642890359375 0.6601557140625001 0.6461212625 0.667968571875 0.6120548171875 0.6894528578125 0.57344684375 0.69336 0.555277409375
0 0.7685542859375001 0.5041794015625001 0.741211428125 0.49055315625 0.7148442859374999 0.5325664453125001 0.7089842859375 0.548465115625 0.7089842859375 0.5598205984375 0.7392571421875 0.5813953484375001 0.790038571875 0.6109186046875 0.794921428125 0.6097840531250001 0.81836 0.5711760796875 0.8261714281250001 0.5461943515625001 0.7763671421875 0.5132624578125 0.7685542859375001 0.5041794015625001
0 0.709961428125 0.563227575 0.702148571875 0.5609551500000001 0.6796871421875 0.5961578078125 0.6718757140625 0.6143255812499999 0.667968571875 0.6370365453125 0.6826171421875 0.6495282390625 0.74707 0.6881362125 0.75586 0.687 0.7734371421875 0.6597475078125 0.7890628578125 0.6256810625 0.7890628578125 0.6165963453125001 0.709961428125 0.563227575
0 0.7236328578125 0.7517259140625 0.7519528578125 0.7006262453125001 0.7519528578125 0.693813953125 0.665038571875 0.640443521875 0.6464842859375 0.687 0.6210942859374999 0.7324219265624999 0.61914 0.7574036546875 0.6269528578125 0.7755730890625 0.625 0.7869269109375 0.6318357140625 0.7948770765625001 0.6611328578125 0.8107740859374999 0.6796871421875 0.8141810625 0.6972657140625 0.7869269109375 0.6972657140625 0.755132890625 0.7060542859375001 0.7471843859375 0.7236328578125 0.7517259140625
0 0.8281257140625 0.6847292359375 0.8300785718749999 0.671102990625 0.803711428125 0.6472558140625 0.7968757140625 0.6483920265625 0.78711 0.6733737546875 0.7597657140625 0.71879568125 0.7597657140625 0.7301511625 0.7734371421875 0.7460481734375 0.77539 0.755132890625 0.78418 0.765352159375 0.7880857140625 0.7676229234374999 0.794921428125 0.766488371875 0.8007814281250001 0.75967441875 0.8125 0.7301511625 0.8300785718749999 0.6960847171875 0.8281257140625 0.6847292359375
0 0.8857428578125001 0.7063039859375 0.8388671421874999 0.6745099671875 0.8320314281250001 0.67564451875 0.8320314281250001 0.693813953125 0.8007814281250001 0.7619451828125 0.7851557140625001 0.7755730890625 0.7968757140625 0.7914701 0.7968757140625 0.8323488375 0.8134771421875 0.849382059375 0.8222657140624999 0.8482475078125 0.84961 0.8346196015625 0.9023442859375 0.7256079734374999 0.9023442859375 0.7210664453125 0.8857428578125001 0.7063039859375
0 0.5498042859375001 0.483739203125 0.5419928578125 0.483739203125 0.5351557140625001 0.48941694375000006 0.5351557140625001 0.49395847187499997 0.511718571875 0.5393803984375001 0.49218714218750004 0.5689036546875 0.4951171421875 0.5745813953125001 0.49902285781250005 0.5745813953125001 0.516601428125 0.5904800671875 0.5244142859375 0.5950215953125 0.5292971421875 0.59388704375 0.550781428125 0.5507358796874999 0.582031428125 0.500772425 0.571288571875 0.4928239203125 0.5498042859375001 0.483739203125
0 0.6171871421875 0.4735199328125 0.608398571875 0.46329900312500005 0.602538571875 0.46102823906249996 0.5888671421875 0.44740199374999995 0.5830071421875 0.44513122968749996 0.5751957140624999 0.438317275 0.5693357140625 0.438317275 0.548828571875 0.4667059796875 0.544921428125 0.47806146250000003 0.55957 0.48828073125 0.5810542859375001 0.495094684375 0.584961428125 0.4996362125 0.5888671421875 0.4996362125 0.59668 0.5041794015625001 0.6035157140625 0.5030431890625 0.6093757140625 0.49395847187499997 0.613281428125 0.48260299062499995 0.6171871421875 0.47806146250000003 0.6171871421875 0.4735199328125
0 0.636718571875 0.437182725 0.6347657140625 0.43263953437499997 0.62793 0.4246910296875 0.6259771421875 0.4246910296875 0.616211428125 0.4156063125 0.6044928578125 0.41333554843750003 0.602538571875 0.411064784375 0.5947271421875 0.411064784375 0.5927728578125 0.41333554843750003 0.5888671421875 0.411064784375 0.584961428125 0.41333554843750003 0.5781257140625 0.4235548171875 0.574218571875 0.43491029843750006 0.5810542859375001 0.44286046562500003 0.5927728578125 0.44967275781250005 0.602538571875 0.46102823906249996 0.610351428125 0.4655697671875 0.6142571421875 0.4655697671875 0.6181642859375 0.47011295625000005 0.61914 0.46897674375 0.625 0.4621644515625 0.6269528578125 0.45535049843750003 0.63086 0.4508089703125 0.636718571875 0.437182725
0 0.65039 0.40084551562500004 0.6376957140624999 0.3928953484375 0.633788571875 0.3928953484375 0.6259771421875 0.3883538203125 0.62207 0.3838122921875 0.6142571421875 0.379269103125 0.610351428125 0.379269103125 0.608398571875 0.3769983390625 0.6044928578125 0.379269103125 0.5957028578125 0.391760796875 0.59375 0.396302325 0.59375 0.40084551562500004 0.5986328578125 0.4019800671875 0.59961 0.40538704374999995 0.610351428125 0.4156063125 0.6142571421875 0.4178787375 0.6181642859375 0.4178787375 0.6259771421875 0.422420265625 0.6298828578125 0.42696179375 0.633788571875 0.42696179375 0.6357428578125 0.4292325578125 0.638671428125 0.42809800625000005 0.6484371421875 0.41447176093750004 0.6484371421875 0.409928571875 0.65039 0.40765780781250005 0.65039 0.40084551562500004
0 0.7226557140625001 0.325898671875 0.7177728578125 0.317950165625 0.6923828578125 0.3043239203125 0.68457 0.306594684375 0.6796871421875 0.3145431890625 0.673828571875 0.3417973421875 0.6660157140625 0.359965115625 0.6660157140625 0.3667790703125 0.6601557140625001 0.37359136249999997 0.65039 0.39403156093749997 0.65332 0.3997093015625 0.665038571875 0.40652325625 0.675781428125 0.40538704374999995 0.6894528578125 0.39403156093749997 0.6894528578125 0.3894900328125 0.6972657140625 0.3713205984375 0.7226557140625001 0.325898671875
0 0.7421871421875 0.2804784046875 0.72168 0.265715946875 0.7177728578125 0.265715946875 0.7080071421875 0.25890199375 0.702148571875 0.25890199375 0.701171428125 0.266852159375 0.699218571875 0.2691229234375 0.699218571875 0.2782059796875 0.69336 0.2895614625 0.6914057140625001 0.30091694375 0.696288571875 0.306594684375 0.7119142859375 0.3156794015625 0.7177728578125 0.3156794015625 0.7197271421875 0.317950165625 0.7226557140625001 0.3168156140625 0.7285157140625 0.312272425 0.738281428125 0.2895614625 0.7421871421875 0.2850199328125 0.7421871421875 0.2804784046875
0 0.6777342859375 0.319086378125 0.6835942859374999 0.3054601328125 0.678711428125 0.297511628125 0.6689457140624999 0.295239203125 0.6611328578125 0.2884269109375 0.6552728578125 0.2884269109375 0.65039 0.2941046515625 0.638671428125 0.3213571421875 0.6093757140625 0.369049834375 0.6093757140625 0.37359136249999997 0.62207 0.3838122921875 0.641601428125 0.3951677734375 0.6523442859374999 0.39403156093749997 0.6601557140625001 0.37359136249999997 0.6660157140625 0.3667790703125 0.6777342859375 0.325898671875 0.6777342859375 0.319086378125
0 0.6972657140625 0.2804784046875 0.6972657140625 0.275935215625 0.699218571875 0.2736644515625 0.699218571875 0.2577674421875 0.6943357140625 0.2520897015625 0.6884771421875 0.2498189375 0.68457 0.24527574687499998 0.678711428125 0.24527574687499998 0.669921428125 0.2577674421875 0.669921428125 0.26003820625 0.6640628578125 0.266852159375 0.6640628578125 0.2691229234375 0.6601557140625001 0.2736644515625 0.6601557140625001 0.275935215625 0.6542971421875 0.2872906984375 0.6572271421875 0.290697675 0.6669928578125 0.2929684390625 0.672851428125 0.297511628125 0.6767571421875 0.297511628125 0.678711428125 0.29978239218749997 0.6826171421875 0.29978239218749997 0.68457 0.30205315625 0.6894528578125 0.30091694375 0.6894528578125 0.2986461796875 0.69336 0.2918338875 0.69336 0.2872906984375 0.6972657140625 0.2804784046875
0 0.7597657140625 0.253224253125 0.763671428125 0.23959800625 0.7568357140625 0.23392026562499998 0.75293 0.23392026562499998 0.7509771421875 0.23164950156250003 0.74707 0.23164950156250003 0.7451171421875 0.22937873749999999 0.7373042859375001 0.22937873749999999 0.732421428125 0.24186877031249998 0.727538571875 0.2475465109375 0.72168 0.2475465109375 0.7177728578125 0.2520897015625 0.7138671421875 0.2520897015625 0.7119142859375 0.254360465625 0.709961428125 0.254360465625 0.7089842859375 0.2577674421875 0.7119142859375 0.25890199375 0.71582 0.2634451828125 0.7294928578125 0.270257475 0.733398571875 0.2748006640625 0.735351428125 0.2748006640625 0.741211428125 0.2793421921875 0.7460942859374999 0.2782059796875 0.7460942859374999 0.275935215625 0.7539057140625001 0.264579734375 0.75586 0.2577674421875 0.7597657140625 0.253224253125
0 0.727538571875 0.24527574687499998 0.7343757140625 0.23732724218749998 0.7343757140625 0.23505647812500002 0.736328571875 0.23278571406249998 0.736328571875 0.22824252500000003 0.733398571875 0.224837209375 0.7314457140624999 0.224837209375 0.72168 0.21802325625000002 0.7177728578125 0.21802325625000002 0.71582 0.21575249218749998 0.709961428125 0.21575249218749998 0.7080071421875 0.21348172812500002 0.704101428125 0.21348172812500002 0.6943357140625 0.224837209375 0.6923828578125 0.224837209375 0.6894528578125 0.22824252500000003 0.6884771421875 0.23164950156250003 0.6865228578125 0.23164950156250003 0.6835942859374999 0.23505647812500002 0.6835942859374999 0.24414119531249998 0.6884771421875 0.2520897015625 0.6923828578125 0.2520897015625 0.6943357140625 0.254360465625 0.702148571875 0.254360465625 0.704101428125 0.2566312296875 0.7089842859375 0.255496678125 0.7138671421875 0.2498189375 0.7177728578125 0.2498189375 0.7236328578125 0.24527574687499998 0.727538571875 0.24527574687499998
0 0.922851428125 0.422420265625 0.9169928578125001 0.422420265625 0.90039 0.44626578125 0.8398442859375 0.5643621265625 0.8408200000000001 0.5700398671875 0.852538571875 0.5745813953125001 0.8779299999999999 0.597292359375 0.8847657140624999 0.598428571875 0.9160157140624999 0.5530066437500001 0.96289 0.464435215625 0.959961428125 0.45421594687500005 0.922851428125 0.422420265625
0 0.8759771421875 0.6063770765625 0.858398571875 0.5882093015625001 0.8427728578125 0.5791245843749999 0.8330071421874999 0.5791245843749999 0.8105471421875 0.6165963453125001 0.8027342859375001 0.6370365453125 0.8046871421875 0.6438504984375 0.8740228578125 0.6972209296874999 0.8935542859375 0.7085764125 0.9042971421875 0.7097109640625 0.9296871421875 0.662018271875 0.9296871421875 0.6483920265625 0.883788571875 0.608647840625 0.8759771421875 0.6063770765625
0 1 0.48487541562500003 0.9736328578125001 0.46784219218749995 0.9677728578125 0.46784219218749995 0.9589842859375001 0.47806146250000003 0.8886714281250001 0.6075132890625 0.8955071421874999 0.6177325578125 0.9326171421874999 0.6495282390625 0.9394528578125 0.6483920265625 1 0.5348388703125 1 0.48487541562500003
0 0.9423828578125001 0.6972209296874999 0.9931642859375 0.7267441859375 1 0.7256079734374999 0.9990228578125 0.5495996671875 0.9375 0.662018271875 0.9296871421875 0.6847292359375 0.9423828578125001 0.6972209296874999
0 0.8251957140625 0.849382059375 0.8144528578125 0.8664152828124999 0.8339842859375001 0.911837209375 0.8671871421875 0.9368189375 0.9023442859375 0.8732292359375 0.8642571421874999 0.84484053125 0.8369142859375 0.8425697671875 0.8251957140625 0.849382059375
0 0.9013671421874999 0.9765631234375001 0.91211 0.9776976749999999 0.9472657140624999 0.9095664453125 0.9033200000000001 0.8766345515625 0.8671871421875 0.9390897015625 0.9013671421874999 0.9765631234375001
0 1 0.880041528125 0.9873042859375 0.8766345515625 0.9570314281250001 0.9300049828124999 1 0.9618006640625 1 0.880041528125
0 1 0.9663421921875001 0.9560542859375 0.933411959375 0.9277342859375001 0.9776976749999999 0.9257814281250001 0.9913239203125 0.9384771421875 0.9992740859374999 0.9726557140625 1 1 0.9981378734374999 1 0.9663421921875001
0 1 0.734692690625 0.9267571421874999 0.692677740625 0.8535157140624999 0.8300780734375 0.8535157140624999 0.8391627906249999 0.9492185718749999 0.900481728125 1 0.8141810625 1 0.734692690625
0 0.579101428125 0.640443521875 0.571288571875 0.63362956875 0.5634771421875 0.6381727578125 0.5546871421875 0.6642890359375 0.55664 0.6779152828125 0.6230471421875 0.7210664453125 0.6484371421875 0.67564451875 0.6464842859375 0.6688322265625 0.602538571875 0.6427142859375 0.579101428125 0.640443521875
0 0.49316428593749995 0.629088040625 0.511718571875 0.6324950171875 0.5273442859374999 0.6006993359374999 0.4892571421875 0.5745813953125001 0.4726557140625 0.6143255812499999 0.49316428593749995 0.629088040625
0 0.383788571875 0.422420265625 0.3593757140625 0.44626578125 0.3476557140625 0.4735199328125 0.392578571875 0.500772425 0.4101557140625 0.4667059796875 0.41406285781249996 0.4439950171875 0.40527285781250005 0.42696179375 0.383788571875 0.422420265625
0 0.459961428125 0.45648671093750004 0.44921857187500003 0.4621644515625 0.39453142812499997 0.5575498343749999 0.3994142859375 0.5700398671875 0.45703142812499997 0.6075132890625 0.47851571406250004 0.584802325 0.5273442859374999 0.500772425 0.5244142859375 0.4928239203125 0.459961428125 0.45648671093750004
0 0.4101557140625 0.46897674375 0.39453142812499997 0.5030431890625 0.40918 0.515534884375 0.41796857187500003 0.514398671875 0.4414057140625 0.48033222656249996 0.45312571406249996 0.4508089703125 0.41308571406250005 0.4292325578125 0.4101557140625 0.46897674375
0 0.5068357140625 0.361101328125 0.45898428593749996 0.4439950171875 0.47558571406250005 0.46102823906249996 0.5292971421875 0.48714617968749996 0.580078571875 0.40538704374999995 0.5439457140624999 0.374727575 0.52832 0.379269103125 0.5068357140625 0.361101328125
0 0.46191428593749995 0.349745846875 0.44726571406250004 0.3168156140625 0.44043 0.3134086375 0.39453142812499997 0.3872176078125 0.3906257140625 0.40765780781250005 0.4189457140625 0.4292325578125 0.45312571406249996 0.441724253125 0.48046857187500003 0.3985730890625 0.5 0.3531528234375 0.4873042859375 0.3474750828125 0.46191428593749995 0.349745846875
0 0.389648571875 0.5700398671875 0.36718714218750004 0.6075132890625 0.36913999999999997 0.6211395343749999 0.41796857187500003 0.6415780734375 0.43847714218749995 0.63590199375 0.45312571406249996 0.6120548171875 0.4111328578125 0.5791245843749999 0.389648571875 0.5700398671875
0 0.3593757140625 0.6552059796874999 0.4082028578125 0.682458471875 0.41406285781249996 0.6779152828125 0.4082028578125 0.6415780734375 0.3681642859375 0.6245465109375 0.3593757140625 0.6552059796874999
0 0.52832 0.8970747515624999 0.5107428578125 0.8993455156250001 0.4873042859375 0.8925332218750001 0.47461000000000003 0.9027524921875001 0.4726557140625 0.9481744187500001 0.49413999999999997 0.9595299 0.50293 0.9424966781249999 0.5263671421875 0.9447674421875 0.5410157140625 0.932275746875 0.52832 0.8970747515624999
0 0.5917971421875 0.8732292359375 0.6035157140625 0.8550598 0.55957 0.8289418609375 0.550781428125 0.859601328125 0.5917971421875 0.8732292359375
0 0.5615228578125 0.8312142859374999 0.6044928578125 0.8561960140625 0.613281428125 0.8550598 0.6171871421875 0.8437043187500001 0.610351428125 0.8357558140625001 0.5585942859374999 0.8119102984375001 0.5615228578125 0.8312142859374999
0 0.6884771421875 0.8902624578125 0.672851428125 0.8789069765624999 0.6523442859374999 0.9072940203125001 0.6523442859374999 0.9186495015625 0.678711428125 0.9220564781249999 0.6855471421875 0.9277342187500001 0.6855471421875 0.9390897015625 0.6953128578125 0.9436312296875 0.707031428125 0.9231926906249999 0.707031428125 0.911837209375 0.6943357140625 0.8879900328125 0.6884771421875 0.8902624578125
0 0.30663999999999997 1 0.329101428125 0.9992740859374999 0.33203142812499997 0.995867109375 0.33203142812499997 0.984511628125 0.329101428125 0.9811046515624999 0.321288571875 0.9833754156250001 0.31543 0.9788338875000001 0.29394571406250003 0.9765631234375001 0.24121142812500002 0.9493089703125 0.2373042859375 0.9515813953125001 0.2314457140625 0.9493089703125 0.22851571406249999 0.9527159468749999 0.20117142812500002 0.9981378734374999 0.23535142812499998 0.9992740859374999 0.2373042859375 1 0.24706999999999998 0.9992740859374999 0.2490228578125 1 0.30663999999999997 1
0 0.1298828578125 0.9720199328125 0.09668 0.94703820625 0.09375 0.9481744187500001 0.0917971421875 0.9549867109375001 0.0644528578125 0.995867109375 0.0673828578125 0.9992740859374999 0.1718757140625 0.9981378734374999 0.1689457140625 0.9924601328125 0.1494142859375 0.9788338875000001 0.1376957140625 0.9765631234375001 0.1298828578125 0.9720199328125
0 0.058594285937500004 1 0.0644528578125 0.9981378734374999 0.0664057140625 0.9935963453125 0.0664057140625 0.9867823921875001 0.0615228578125 0.9811046515624999 0.05957 0.9811046515624999 0.05078142812500001 0.973156146875 0.048828571875 0.9663421921875001 0.0439457140625 0.9583936874999999 0.040038571875 0.9583936874999999 0.0322271421875 0.953852159375 0.0244142859375 0.953852159375 0.019531428125 0.9595299 0.011718571875 0.9754269109375 0.0078128578125 0.9799684390625 0.00586 0.9867823921875001 0 0.9935963453125 0.0009771421875 0.9992740859374999 0.014648571874999999 0.9992740859374999 0.016601428125 1 0.022461428125 1 0.0244142859375 0.9992740859374999 0.02832 0.9992740859374999 0.030272857812499998 1 0.058594285937500004 1
0 0.09375 0.8777707640625 0.0917971421875 0.8732292359375 0.08300714218750001 0.86300830625 0.079101428125 0.86300830625 0.077148571875 0.8607375421875 0.0722657140625 0.8664152828124999 0.0664057140625 0.880041528125 0.0605471421875 0.8868554812499999 0.058594285937500004 0.8936677734374999 0.0527342859375 0.900481728125 0.048828571875 0.9095664453125 0.077148571875 0.9379534890624999 0.08789 0.9368189375 0.0976557140625 0.9231926906249999 0.0976557140625 0.90502325625 0.09375 0.8959385375 0.09375 0.8777707640625
0 0.138671428125 0.9345481734375 0.13378857187499998 0.92887043125 0.1318357140625 0.92887043125 0.1298828578125 0.9265996671875 0.1259771421875 0.9265996671875 0.1123042859375 0.9175149499999999 0.10839857187499999 0.9175149499999999 0.1015628578125 0.9277342187500001 0.1015628578125 0.9300049828124999 0.0976557140625 0.9345481734375 0.0976557140625 0.9368189375 0.09375 0.9436312296875 0.102538571875 0.9515813953125001 0.10449285781249999 0.9515813953125001 0.10839857187499999 0.9561229234375 0.11035142812500001 0.9561229234375 0.11816428593749999 0.9629368765624999 0.1201171421875 0.9629368765624999 0.1240228578125 0.9674784046875 0.1259771421875 0.9674784046875 0.12793000000000002 0.96974916875 0.13281285781250002 0.96861295625 0.142578571875 0.9504451828124999 0.142578571875 0.9436312296875 0.1406257140625 0.941360465625 0.138671428125 0.9345481734375
0 0.19726571406249999 0.9754269109375 0.199218571875 0.973156146875 0.199218571875 0.964071428125 0.19726571406249999 0.9595299 0.18456999999999998 0.9447674421875 0.1826171421875 0.9447674421875 0.170898571875 0.933411959375 0.1630857140625 0.9311411953125001 0.1601557140625 0.9345481734375 0.1601557140625 0.9390897015625 0.15625 0.9436312296875 0.14648428593750001 0.9663421921875001 0.14648428593750001 0.9754269109375 0.1611328578125 0.9879186046875 0.1669928578125 0.99018936875 0.170898571875 0.994730896875 0.18554714218749999 0.9935963453125 0.19043000000000002 0.9924601328125 0.19531285781250002 0.9867823921875001 0.19726571406249999 0.9822408640625 0.19726571406249999 0.9754269109375
0 0.0917971421875 0.9459036546874999 0.0869142859375 0.9402259140625 0.08300714218750001 0.9402259140625 0.0693357140625 0.9311411953125001 0.0556642859375 0.9152441859374999 0.047851428125 0.9129717609375 0.044921428125 0.9163787375 0.044921428125 0.9209219265625 0.0332028578125 0.9300049828124999 0.0273442859375 0.9481744187500001 0.03418 0.953852159375 0.0419928578125 0.9561229234375 0.046875714062500004 0.9618006640625 0.048828571875 0.96861295625 0.057617142187500005 0.9788338875000001 0.06543 0.9833754156250001 0.07031285781249999 0.9822408640625 0.082031428125 0.96861295625 0.08593714218750001 0.9595299 0.0917971421875 0.9527159468749999 0.0917971421875 0.9459036546874999
0 0 0.9549867109375001 0.0048828578125000004 0.9606644515625 0.014648571874999999 0.9606644515625 0.0156257140625 0.9595299 0.023437142187500003 0.9504451828124999 0.023437142187500003 0.9481744187500001 0.0273442859375 0.9436312296875 0.0273442859375 0.941360465625 0.029297142187500003 0.9390897015625 0.029297142187500003 0.9277342187500001 0.03125 0.9254634546875 0.03125 0.9163787375 0.0273442859375 0.911837209375 0.0273442859375 0.9095664453125 0.0244142859375 0.9084302328125 0.0214842859375 0.90502325625 0.0185542859375 0.8970747515624999 0.016601428125 0.8970747515624999 0.0107428578125 0.9038887046875 0.00293 0.9038887046875 0.0009771421875 0.9016162796874999 0 0.9027524921875001 0 0.9549867109375001
0 0 0.8050963453125 0.0009771421875 0.8062325578125 0.008788571875 0.8062325578125 0.0097657140625 0.8050963453125 0.017578571874999997 0.7937408640625 0.017578571874999997 0.7891993359375 0.019531428125 0.7869269109375 0.019531428125 0.7801146171875 0.014648571874999999 0.7721661125 0.012695714062499999 0.7721661125 0.0068357140625000005 0.765352159375 0.0048828578125000004 0.765352159375 0.0009771421875 0.76081063125 0 0.7619451828125 0 0.8050963453125
0 0.048828571875 0.7642176078125 0.048828571875 0.7574036546875 0.0439457140625 0.74945515 0.0361328578125 0.74945515 0.035155714062499996 0.7528621265625 0.030272857812499998 0.7585398671875 0.02832 0.7585398671875 0.0214842859375 0.766488371875 0.026367142187499998 0.7721661125 0.02832 0.7721661125 0.0361328578125 0.78125083125 0.040038571875 0.78125083125 0.0410157140625 0.7801146171875 0.0410157140625 0.7755730890625 0.046875714062500004 0.7687591359375 0.046875714062500004 0.766488371875 0.048828571875 0.7642176078125
0 0.042968571875 0.74150664375 0.042968571875 0.7369634546875 0.0419928578125 0.735828903125 0.040038571875 0.735828903125 0.03418 0.72901495 0.030272857812499998 0.72901495 0.02832 0.7267441859375 0.0244142859375 0.7267441859375 0.019531428125 0.7324219265624999 0.019531428125 0.734692690625 0.0097657140625 0.7460481734375 0.0097657140625 0.755132890625 0.0205071421875 0.765352159375 0.023437142187500003 0.7642176078125 0.0361328578125 0.74945515 0.0380857140625 0.74945515 0.039062857812500004 0.7460481734375 0.042968571875 0.74150664375
0 0.12304714218749999 0.437182725 0.125 0.43491029843750006 0.11816428593749999 0.42696179375 0.1123042859375 0.4246910296875 0.10839857187499999 0.4201495015625 0.102538571875 0.4201495015625 0.0957028578125 0.42582724218749995 0.0957028578125 0.42809800625000005 0.09375 0.4303687703125 0.09375 0.43491029843750006 0.0898442859375 0.4394534890625 0.0898442859375 0.441724253125 0.08789 0.4439950171875 0.08789 0.44853820625 0.0986328578125 0.45875747499999997 0.102538571875 0.45875747499999997 0.10449285781249999 0.46102823906249996 0.11035142812500001 0.46102823906249996 0.111328571875 0.4598920265625 0.111328571875 0.4576212625 0.125 0.441724253125 0.12304714218749999 0.4394534890625 0.12304714218749999 0.437182725
0 0.105468571875 0.47806146250000003 0.107421428125 0.47579069843750005 0.107421428125 0.4735199328125 0.105468571875 0.4712475078125 0.105468571875 0.46897674375 0.0986328578125 0.46102823906249996 0.09668 0.46102823906249996 0.0957028578125 0.4576212625 0.0927728578125 0.45648671093750004 0.0917971421875 0.453079734375 0.0888671421875 0.44967275781250005 0.084961428125 0.44967275781250005 0.080078571875 0.45535049843750003 0.080078571875 0.4576212625 0.074218571875 0.46897674375 0.074218571875 0.47579069843750005 0.079101428125 0.479197675 0.0810542859375 0.479197675 0.08300714218750001 0.4814684390625 0.084961428125 0.4814684390625 0.0869142859375 0.483739203125 0.0888671421875 0.483739203125 0.0947271421875 0.49055315625 0.09668 0.49055315625 0.0986328578125 0.4928239203125 0.1015628578125 0.49168770781250004 0.1035157140625 0.48941694375000006 0.1035157140625 0.48487541562500003 0.105468571875 0.48260299062499995 0.105468571875 0.47806146250000003
0 0.173828571875 0.5302956812499999 0.175781428125 0.5189402000000001 0.1865228578125 0.5178056484375 0.1884771421875 0.515534884375 0.20214857187500002 0.5178056484375 0.20507857187499998 0.5030431890625 0.2109371421875 0.49622923593749996 0.2148442859375 0.48714617968749996 0.2148442859375 0.48260299062499995 0.20996142812500002 0.47692524843750006 0.2001957140625 0.4723837203125 0.19043000000000002 0.46329900312500005 0.1865228578125 0.46329900312500005 0.1748042859375 0.479197675 0.1630857140625 0.4814684390625 0.15918000000000002 0.4860099671875 0.14746142812500002 0.49055315625 0.142578571875 0.500772425 0.142578571875 0.51212790625 0.144531428125 0.514398671875 0.144531428125 0.5234833890624999 0.142578571875 0.5257541531250001 0.144531428125 0.5280249171875 0.144531428125 0.5348388703125 0.1572271421875 0.5495996671875 0.1611328578125 0.55187209375 0.16601571406249999 0.5507358796874999 0.1689457140625 0.547328903125 0.17773428593750001 0.5461943515625001 0.17968714218749998 0.5393803984375001 0.173828571875 0.5302956812499999